1,battery,750,56974,56973
10,vnc,452,57694,57693
1000,adduser,85,76478,76477
1001,mouse-scroll,122,\N,\N
1002,ufw,216,76684,76683
1004,adobe-air,38,60960,60959
1005,gstreamer,146,77832,77831
1006,rss,34,120468,120467
1007,qt,468,51671,51670
1008,opengl,358,120544,120543
101,launchpad,367,33338,33337
1010,cream,3,\N,\N
1011,chm,9,191138,191137
1012,tail,30,186348,186347
1013,grep,280,74006,74005
1014,vmware-server,10,414354,414353
1015,ubuntu-tweak,100,76782,76781
1017,delicious,2,85895,85894
1018,notify-osd,180,76707,76706
102,iptables,526,76578,76577
1022,udisks,45,183288,183287
1023,twinview,43,39389,39388
1024,mencoder,29,179591,179590
1027,software-recommendation,2351,29861,29860
1028,webdav,50,191936,191935
1029,compositing,41,390559,390558
103,security,1305,11220,11219
1030,evince,200,54118,54117
1031,okular,78,76784,76783
1032,benchmarks,23,72736,72735
1033,focus,99,105099,105098
1037,interface,228,\N,\N
1038,mdadm,250,81533,81532
1039,likewise,36,\N,\N
104,ipv6,157,67830,67829
1040,apple,172,17466,17465
1041,remote-x-session,39,\N,\N
1042,numpad,33,\N,\N
1045,games,1294,33358,33357
1046,xampp,238,76703,76702
1049,gcalctool,9,73304,73303
1050,functions,26,\N,\N
1051,gitosis,6,76564,76563
1053,ntfs,810,48584,48583
1054,fullscreen,187,164149,164148
1055,xmonad,81,\N,\N
1058,mutter,28,\N,\N
1059,find,287,34603,34602
106,support,85,185005,185004
1060,freeze,599,45189,45188
1061,covergloobus,5,76513,76512
1062,cheese,75,77584,77583
1063,mp3-player,42,76209,76208
1064,signature,34,\N,\N
1065,personalization,23,\N,\N
1067,mp3,234,73279,73278
107,themes,1356,31758,31757
1070,logo,39,\N,\N
1073,intel,723,51060,51059
1074,clutter,7,73973,73972
1076,gvim,85,76573,76572
108,icons,1338,59283,59282
1082,open-source,72,395217,395216
1083,desktop-environments,700,79827,79826
1085,output,101,\N,\N
1086,apache2,2294,57680,57679
1088,defrag,29,85892,85891
109,pointers,18,\N,\N
1091,info,36,419069,419068
1096,nginx,313,130636,130635
1097,webserver,377,77089,77088
1099,uml,10,120041,120040
11,community,140,29705,29704
110,appearance,160,139853,139852
1100,mirrors,76,130610,130609
1105,md5sum,61,93327,93326
1106,color-management,75,390549,390548
1107,deb,463,48604,48603
1109,antialiasing,33,284418,284417
1110,brasero,67,76491,76490
1111,elementary-theme,20,221342,221341
1113,logging,178,57061,57060
1114,memory-usage,205,390261,390260
1116,whois,6,128317,128316
1117,virtual,154,390286,390285
1118,software-sources,422,76333,76332
1122,encoding,101,612971,612970
1129,.profile,100,216981,216980
113,format,399,74590,74589
1132,ubuntu-light,4,73593,73592
1141,user-profile,86,355142,355141
1144,pci,51,\N,\N
1146,hotplug,11,477794,477793
1148,ascii,28,237484,237483
1149,utf-8,46,183272,183271
115,testing,65,61754,61753
1150,connman,9,\N,\N
1155,mercurial,36,76596,76595
1156,log,360,129319,129318
1159,ppc,24,222335,222334
116,tablet,321,100151,100150
1160,quickly,364,158479,158478
1165,protocol,16,598687,598686
1167,google-earth,71,76733,76732
1169,afs,6,308354,308353
1176,3d,151,60021,60020
1177,effects,79,\N,\N
118,multi-touch,347,78920,78919
1181,sqlite,49,191063,191062
1183,memenu,9,\N,\N
1184,messaging-menu,94,141960,141959
1185,pim,4,\N,\N
1188,accounts,69,60168,60167
119,hardware,1021,31515,31514
1190,privacy,105,390274,390273
1191,architecture,79,177560,177559
1193,rsyslog,70,\N,\N
1194,language-support,168,390272,390271
1196,sort,54,186352,186351
1198,traffic,40,237259,237258
1200,key,121,\N,\N
1201,alt,58,364500,364499
1202,sysrq,13,186363,186362
1203,dd-wrt,8,\N,\N
1204,file-sharing,336,81518,81517
1206,job-control,10,\N,\N
1207,eeepc,125,53248,53247
1208,hard-drive,2613,31760,31759
1210,daap,10,390571,390570
1211,xdmcp,18,191913,191912
1214,unmount,86,\N,\N
1215,epson,125,73261,73260
1216,x11-forwarding,45,191929,191928
1219,text-to-speech,33,186777,186776
122,editor,92,164403,164402
1220,orca,20,76802,76801
1222,accessibility,123,26007,26006
1223,dbus,168,56968,56967
1228,clipboard-manager,27,129910,129909
1229,totem,153,57703,57702
123,gedit,540,48137,48136
1230,wayland,29,69406,69405
1232,ambiance,61,78672,78671
1233,c,291,76499,76498
1234,fat32,91,130629,130628
1235,vm,190,119917,119916
1236,jboss,8,129393,129392
1237,capture,36,\N,\N
1239,gnome-power-manager,44,\N,\N
124,text,189,253989,253988
1241,remastersys,73,76744,76743
1242,postgresql-8.4,17,\N,\N
1243,samsung,414,62127,62126
1246,system-requirements,83,129626,129625
125,mail,235,161812,161811
1251,thunar,142,76757,76756
1252,podcast,39,130620,130619
1253,disk-usage,513,176839,176838
1254,disk-management,103,\N,\N
1255,gksu,92,448254,448253
1256,language,384,141289,141288
1257,chmod,298,76729,76728
1258,powerpc,84,77943,77942
1259,blu-ray,26,120156,120155
126,imap,53,191111,191110
1261,drive,284,160702,160701
1267,container,26,390564,390563
1268,sftp,159,76773,76772
127,xubuntu,2772,48596,48595
1270,squid,92,76751,76750
1275,easter-egg,6,206409,206408
1278,sensors,95,\N,\N
1279,input-method,73,\N,\N
128,cloud,401,81520,81519
1280,mozilla,47,94513,94512
1281,blackberry,28,120302,120301
1282,mac-mini,45,124534,124533
1285,port-forwarding,117,\N,\N
1286,kile,39,314130,314129
1288,comparison,28,390555,390554
1289,diff,40,85897,85896
129,uec,13,129531,129530
1290,edubuntu,98,76526,76525
1291,active-directory,101,60160,60159
1292,xine,6,76812,76811
1293,finance,12,230355,230354
1297,gnu,27,633284,633283
1298,ipad,64,59054,59053
1299,midi,85,72701,72700
1300,screenshot,196,50910,50909
1301,parallels,52,654323,654322
1302,gnome2,25,395301,395300
1303,notification-area,92,\N,\N
1304,tv,141,76255,76254
1307,cpufreq,94,426799,426798
1308,scaling,45,\N,\N
1309,frequency,31,\N,\N
131,presentation,48,\N,\N
1313,temperature,250,215980,215979
1314,lan,262,133877,133876
1315,ibus,204,162312,162311
1317,official-repositories,88,162964,162963
1319,dd,205,130306,130305
132,python,2121,17476,17475
1320,ubuntu-membership,7,76682,76681
1321,locale,240,81739,81738
1322,7.10,9,475133,475132
1323,aws,89,123437,123436
1326,tomcat,134,308150,308149
1327,ardour,29,27195,27194
1328,hp,896,56193,56192
133,packaging,478,22680,22679
1331,clutterflow,6,\N,\N
1332,alsa,976,71268,71267
1334,file-extension,4,74018,74017
1336,ping,161,313693,313692
1338,multiple-instances,23,\N,\N
1339,luks,186,98000,97999
1340,extract,72,\N,\N
1343,cad,39,129474,129473
1344,2d,24,60019,60018
1347,derivatives,29,120526,120525
1349,thumbnails,122,136393,136392
135,mono,227,72530,72529
1350,hda-intel,64,163231,163230
1352,previews,40,72726,72725
1353,dsl,44,\N,\N
1355,executable,275,76325,76324
1357,3g,154,60158,60157
1360,crossover-office,4,\N,\N
1362,flickr,6,123773,123772
1366,liferea,14,76590,76589
1369,virtual-printer,6,\N,\N
1370,jdk,298,130845,130844
1371,gnome-settings-daemon,26,\N,\N
1373,tasksel,36,57678,57677
1375,kubuntu,2261,50200,50199
1376,task-management,37,\N,\N
1377,time-management,6,\N,\N
1378,configuration-management,25,64881,64880
1379,apturl,14,77577,77576
1381,pandora,10,\N,\N
1382,pianobar,5,\N,\N
1383,tor,187,76677,76676
1385,chroot,195,81546,81545
1386,ubuntu-minimal,126,186056,186055
1387,purchase,31,370282,370281
1388,exaile,6,191121,191120
1389,wordpress,146,191932,191931
1391,epub,20,76807,76806
1393,reset,119,388695,388694
1394,annotation,19,\N,\N
1399,auto-completion,94,156986,156985
14,xfce,1003,75622,75621
140,command-line,9584,14525,14524
1400,guake,79,76775,76774
1402,floppy,36,129387,129386
1403,zeitgeist,95,26859,26858
1405,deja-dup,269,73256,73255
1409,unison,15,470639,470638
141,dvd,611,58615,58614
1412,project-management,12,\N,\N
1413,netbeans,225,253992,253991
1414,glassfish,17,\N,\N
1420,gmrun,3,\N,\N
1421,environment-variables,467,390412,390411
1423,vcd,12,\N,\N
1426,hotot,10,237764,237763
1427,openbox,149,63439,63438
143,itunes,74,76759,76758
1430,synergy,37,189185,189184
1431,gsettings,86,237492,237491
1434,tools,80,447984,447983
1438,lighttpd,23,76793,76792
144,gdm,333,17473,17472
1444,default-programs,227,74003,74002
1445,krusader,33,120300,120299
1446,ls,164,123510,123509
1447,openvz,28,\N,\N
1449,oss-sound-system,7,\N,\N
145,login-screen,692,33356,33355
1451,multi-core,59,\N,\N
1452,class,4,390539,390538
1455,opencl,53,\N,\N
1456,crossplatform,41,24676,24675
1457,gufw,23,76570,76569
1459,udev,311,183294,183293
1461,synapse,37,105293,105292
1463,autotools,8,77580,77579
1466,record,87,305597,305596
1469,eog,25,72218,72217
1470,home-server,28,\N,\N
1471,indicator-sound,125,115391,115390
1472,speech-recognition,24,191066,191065
1473,startupmanager,14,\N,\N
1476,cpu,570,73679,73678
1478,pptp,104,567927,567926
1479,nx,38,247139,247138
148,video,1761,31524,31523
1481,testdrive,10,723285,723284
1482,wicd,61,60026,60025
1486,gestures,56,\N,\N
1487,pure-ftpd,13,76647,76646
149,video-player,162,77828,77827
1490,tagging,24,\N,\N
1491,code-blocks,64,76511,76510
1492,c++,438,76503,76502
1493,popcon,6,\N,\N
1495,persistent,107,368493,368492
1496,document,36,\N,\N
1498,apport,115,115385,115384
1499,usb-creator,105,76687,76686
15,remote-desktop,519,60035,60034
150,reboot,429,78922,78921
1501,shutter,49,76662,76661
1502,administrator,84,279319,279318
1505,zoom,46,196704,196703
1506,system-monitor,129,182927,182926
1507,debconf,38,76780,76779
1508,vsftpd,189,76755,76754
1509,ubuntu-wiki,30,76800,76799
1510,ubuntu-website,24,\N,\N
1511,ocr,45,129673,129672
1512,easytether,4,\N,\N
1513,django,68,85899,85898
1514,onboard,29,227833,227832
1516,bookmarks,83,77840,77839
1517,pygtk,117,92335,92334
1519,shuttle,3,\N,\N
1522,stackapplet,11,17836,17835
1526,prism,5,\N,\N
1528,hd-video,48,\N,\N
1529,serial-port,129,\N,\N
1535,kickstart,40,338740,338739
1537,hfs+,37,606617,606616
1538,alacarte,21,59655,59654
1539,chmsee,3,76505,76504
1540,awn,31,76749,76748
1541,openjdk,299,48474,48473
1544,putty,113,76645,76644
1545,audible,2,122558,122557
1546,enlightenment,17,\N,\N
1549,perl,182,76260,76259
155,dock,84,74586,74585
1550,education,23,727525,727524
1552,tftp,46,76675,76674
1558,charset,11,\N,\N
1559,filename,85,\N,\N
1561,minecraft,360,53621,53620
1562,dockbarx,21,120767,120766
1565,ubuntu-studio,140,254104,254103
1566,mountpoint,85,605761,605760
1567,makefile,95,130625,130624
1568,default-browser,43,\N,\N
1571,zip,109,395208,395207
1572,dump,19,\N,\N
1577,ram,653,50399,50398
1579,symbolic-link,280,58345,58344
158,init.d,175,92668,92667
1580,webgl,44,53501,53500
1581,branding,11,226036,226035
1582,cisco,95,77586,77585
1583,svn,157,74588,74587
1585,gnome-keyring,95,599222,599221
1586,segmentation-fault,94,61262,61261
1587,initramfs,167,599609,599608
1588,xdg,55,177502,177501
1589,squid3,63,182407,182406
1597,history,114,57652,57651
1598,openssh,202,76605,76604
1599,connection,492,78914,78913
16,updates,3287,33123,33122
160,license,82,75254,75253
1600,local,49,\N,\N
1603,input,116,\N,\N
1604,download-speed,72,\N,\N
1605,broadband,75,120548,120547
1607,pipe,93,178873,178872
1609,xdg-open,50,178275,178274
1610,jockey,35,441559,441558
1611,stack,17,\N,\N
1612,diagram,12,\N,\N
1613,nagios3,75,223977,223976
162,gpl,8,123779,123778
1621,downgrade,185,74608,74607
1623,poster,2,\N,\N
1624,network-monitoring,79,223755,223754
1625,zenity,63,180493,180492
1628,soundcard,245,72703,72702
163,apt,6612,27880,27879
1632,mp3-tag,30,\N,\N
1634,pommed,2,\N,\N
1635,syslog,142,314125,314124
1636,pcie,28,\N,\N
1639,ndiswrapper,72,76765,76764
1642,idle,40,215875,215874
1643,spindown,22,\N,\N
1644,low-power,7,\N,\N
1645,card-reader,59,121038,121037
1646,tv-tuner,68,81542,81541
1647,dovecot,89,85901,85900
1648,phpmyadmin,223,76753,76752
165,firefox,2305,17413,17412
1650,openvpn,378,76607,76606
1651,notes,62,136587,136586
1653,filezilla,70,38985,38984
1657,mp4,90,120463,120462
166,extension,120,72730,72729
1660,pae,68,51044,51043
1663,filemanager,311,102866,102865
1665,binary,77,395239,395238
167,time,274,139846,139845
1671,dvd-audio,12,733398,733397
1674,zeroconf,5,182741,182740
1679,wakeonlan,52,76698,76697
1680,yelp,10,180619,180618
1681,mogrify,8,191099,191098
1682,clamav,120,26244,26243
1683,w3m,10,120005,120004
1684,helpfile,53,\N,\N
1689,fish,22,217435,217434
169,adblock,13,127034,127033
1691,automatic,49,\N,\N
1692,services,521,215884,215883
1693,external-hdd,627,55815,55814
1695,url,58,85931,85930
1696,refit,90,83071,83070
1697,display-manager,101,158717,158716
1698,mbr,204,25925,25924
1699,timeout,49,\N,\N
1700,screenlets,30,76656,76655
1704,cairo-dock,103,76234,76233
1706,modprobe,71,85924,85923
1708,www,33,447844,447843
1711,dvb,26,448274,448273
1712,atheros,331,70197,70196
1716,smart,80,159893,159892
1717,kernel-modules,21,81531,81530
1718,wingpanel,8,\N,\N
1719,bind,133,225813,225812
172,display,1498,31772,31771
1720,webapps,300,62114,62113
1725,sound-blaster,20,\N,\N
1727,ubuntu-pay,4,\N,\N
173,dpi,64,\N,\N
1730,share,53,\N,\N
1733,redirect,94,178876,178875
1735,tvtime,12,\N,\N
174,partitioning,6055,31702,31701
1740,manpage,122,177455,177454
1742,calculator,34,\N,\N
1746,couchdb,38,254671,254670
1747,opencv,119,85926,85925
1749,paid-applications,36,66574,66573
175,boot,10527,31517,31516
1750,encrypted-partition,23,313568,313567
1753,fontconfig,4,\N,\N
1754,restricted-formats,6,\N,\N
1755,disk-ripping,10,422758,422757
1757,dualhead,46,133636,133635
1759,font-rendering,17,\N,\N
176,messages,56,180961,180960
1762,dmesg,82,76522,76521
1764,zend,17,413466,413465
1766,xen,107,268052,268051
1773,wireless-access-point,103,51217,51216
1774,network-bridge,148,332643,332642
1775,unity-2d,322,26226,26225
1778,legal,40,98038,98037
178,grub2,6446,45185,45184
1783,jabber,13,76796,76795
1787,s2ram,2,\N,\N
1788,evdev,11,\N,\N
1789,kill,111,448246,448245
179,iphone,207,77095,77094
1790,mkv,41,129675,129674
1791,tracker,34,52278,52277
1793,touchscreen,329,108654,108653
1794,metapackages,33,75911,75910
1798,lock,139,\N,\N
180,music,570,33096,33095
1800,tmux,90,129631,129630
1801,kwallet,20,59005,59004
1802,xls,10,182755,182754
1804,layout,57,\N,\N
1807,dconf,132,123662,123661
1808,custom-distributions,136,76249,76248
181,upnp,42,61332,61331
1813,jfs,3,718866,718865
1815,pkg-config,18,539362,539361
1817,install-from-source,199,23794,23793
182,mythtv,109,75175,75174
1820,dell-mini-10,18,\N,\N
1824,workspace-switcher,76,390241,390240
1825,guest-additions,64,\N,\N
1826,release-management,249,31093,31092
1828,photo,66,\N,\N
183,ssd,1000,48070,48069
1830,arabic,29,92847,92846
1831,hebrew,17,448591,448590
1832,cursor,295,76238,76237
1836,lsof,11,569105,569104
1838,screen,1075,55380,55379
184,trim,81,186769,186768
1840,hostap,4,\N,\N
1842,bittorrent,241,176865,176864
1843,dyndns,23,85905,85904
1845,recipe,12,\N,\N
1847,amazon-ec2,234,77566,77565
1848,autokey,19,\N,\N
185,default,248,76329,76328
1853,cr-48,4,718834,718833
1855,apparmor,127,77572,77571
1859,framerate,13,\N,\N
1861,usb-storage,125,\N,\N
1862,mpd,27,448286,448285
1863,sleep,80,176913,176912
1865,chinese,55,120165,120164
1866,restart,283,81522,81521
1868,unix,2,448559,448558
187,versions,309,212238,212237
1871,graphics-tablet,78,130300,130299
1872,tsclient,7,\N,\N
1877,lame,14,474274,474273
1879,cd-ripping,44,60028,60027
1880,weather,28,395304,395303
1881,subtitle,66,76217,76216
1882,wget,237,72711,72710
1884,oss,11,\N,\N
1885,cd-image,72,77838,77837
1886,zsync,10,182749,182748
1887,reviews,5,590133,590132
1888,adapter,135,\N,\N
1889,switchbox,3,\N,\N
189,patch,121,221415,221414
1895,sane,53,130037,130036
1899,scp,91,314138,314137
19,flash,1110,31746,31745
190,resume,37,\N,\N
1903,cuda,249,338923,338922
1904,pgp,48,107662,107661
1905,gnupg,275,76568,76567
1907,window-management,90,103131,103130
1908,logrotate,36,437830,437829
191,suspend-resume,52,\N,\N
1910,gnome-activity-journal,4,\N,\N
1913,playback,42,\N,\N
1915,kde-apps,20,\N,\N
1919,deluge,98,57675,57674
192,dual-boot,8530,17464,17463
1921,powertop,48,234104,234103
1924,kopete,6,76583,76582
1925,yahoo,22,180365,180364
1929,xterm,102,90788,90787
193,windows,3161,31538,31537
1934,plasma,133,59873,59872
1936,playonlinux,384,74264,74263
194,customization,487,59312,59311
1941,sed,231,186357,186356
1942,microsoft-office,134,74260,74259
1949,desktopcouch,20,\N,\N
1950,canon,417,73666,73665
1953,unzip,38,285035,285034
1954,apt-cache,44,76253,76252
1957,volume-control,213,176861,176860
1958,png,48,42038,42037
196,nvidia,5288,31540,31539
1969,mtp,177,53869,53868
1970,emesene,6,76530,76529
1972,seahorse,69,76660,76659
1973,pyqt,30,544802,544801
1974,hardware-recommendation,183,37550,37549
1977,rename,146,47734,47733
198,dpkg,1550,33346,33345
1982,irssi,20,76580,76579
1984,mute,34,\N,\N
1986,umask,19,189176,189175
1987,ubuntu-font-family,54,61377,61376
1988,openshot,35,53611,53610
1989,transmission,208,57285,57284
199,xorg,2359,31720,31719
1990,external-monitor,212,138105,138104
1993,ktorrent,16,76586,76585
1994,date,119,102419,102418
1996,mobi,4,123783,123782
1998,g++,185,76559,76558
2,notification,471,60037,60036
20,64-bit,1667,31564,31563
2000,google,196,81540,81539
2009,etc,91,308980,308979
201,bash,4064,17416,17415
2011,vmware-fusion,26,486687,486686
2014,oracle,255,342395,342394
2016,djvu,18,34081,34080
2017,emerald,26,166941,166940
2019,multiverse,10,\N,\N
202,crontab,38,57715,57714
2020,restricted,14,\N,\N
2021,fail2ban,27,393897,393896
2022,purge,100,395251,395250
2023,quota,24,\N,\N
2027,udf,13,128312,128311
2028,stable-release-updates,48,65623,65622
203,cron-jobs,24,\N,\N
2030,k3b,31,120763,120762
2031,uds,13,41535,41534
2033,tomcat6,20,140679,140678
2038,anjuta,10,76480,76479
2039,custom-installer,39,\N,\N
204,gzip,64,85909,85908
2040,headless,101,\N,\N
2044,streaming,226,92666,92665
2046,sql,49,76668,76667
205,media-manager,18,\N,\N
2050,certificates,95,262099,262098
2051,hardware-certification,17,213539,213538
2052,merge,28,\N,\N
2054,logout,202,176868,176867
2059,audacity,65,76484,76483
2062,tag,35,280987,280986
2063,editing,66,308986,308985
2064,amd-processor,131,78987,78986
2069,openldap,58,76603,76602
2070,midori,20,272725,272724
2073,hybrid,47,61722,61721
2074,ipsec,42,129398,129397
208,f-spot,7,76556,76555
2080,groovy,12,129918,129917
2085,avi,24,129920,129919
209,shotwell,170,33524,33523
2090,shared-folders,233,390247,390246
2091,glib,67,\N,\N
2094,ogg-vorbis,29,448266,448265
2095,wma,16,120049,120048
2097,dvorak,24,120304,120303
2098,zombie,14,186766,186765
210,10.10,1939,4202,4201
2101,teamviewer,114,76673,76672
2105,partial-upgrade,102,\N,\N
211,ppa,1173,7400,7399
2112,join,14,\N,\N
2113,pam,128,85928,85927
2115,intel-wireless,309,138103,138102
2117,bashrc,308,75330,75329
2121,lenses,255,32053,32052
2123,x11,74,176896,176895
2125,github,52,76562,76561
2126,clementine,97,76763,76762
2128,google-desktop,6,136399,136398
2129,replaygain,5,718878,718877
213,voip,68,76695,76694
2132,unity-dash,861,59319,59318
2134,keyserver,15,52331,52330
2136,puppet,38,249921,249920
2138,virtual-terminal,57,\N,\N
214,landscape,175,222448,222447
2143,privileges,102,397275,397274
2146,glippy,3,\N,\N
215,motu,14,76599,76598
2152,antivirus,173,77570,77569
2153,matlab,274,78493,78492
2154,restore,306,452823,452822
2156,unicode-entry,18,169251,169250
2157,joystick,48,129915,129914
2158,word-documents,21,\N,\N
2164,html5,96,41696,41695
2165,spotify,129,76268,76267
2169,webm,21,41713,41712
217,youtube,375,74430,74429
2172,wmv,13,120002,120001
2180,transfer,146,668570,668569
2181,user-mode-linux,50,\N,\N
2184,compose,21,\N,\N
2185,enigmail,18,76532,76531
219,dictionary,91,395122,395121
2190,overlay-scrollbars,44,46154,46153
2191,hadoop,155,145423,145422
2194,aac,24,35475,35474
2196,rkhunter,37,35499,35498
2197,source,105,\N,\N
2199,quicklists,89,37079,37078
22,update-manager,1173,33091,33090
2200,adobe-reader,78,76153,76152
2201,titlebar,92,448052,448051
2204,panorama,3,\N,\N
2207,libraries,350,373595,373594
2208,drupal,31,76524,76523
2209,noise,64,610309,610308
221,keyrings,142,272762,272761
2211,fortune,9,\N,\N
2213,home-directory,684,77465,77464
2214,monodevelop,82,191097,191096
2216,unetbootin,130,180082,180081
2217,domain-server,58,\N,\N
2218,vga,160,133800,133799
222,migration,126,222710,222709
2223,autohide,51,\N,\N
2225,japanese,54,447833,447832
223,root,937,49327,49326
2230,hal,14,\N,\N
2231,release,5,\N,\N
2233,red5,12,\N,\N
2235,ltsp,75,\N,\N
2237,cairo,36,\N,\N
2239,turbo-boost,18,\N,\N
224,user-space,10,183347,183346
2240,ac100,5,224603,224602
2248,nvidia-optimus,573,38190,38189
2249,mingw32,13,\N,\N
2250,fax,11,87129,87128
2252,policy,25,\N,\N
2253,nomodeset,73,\N,\N
2256,imagemagick,107,85911,85910
2258,internet-radio,63,216744,216743
2264,asus,836,60030,60029
2265,gnash,8,127040,127039
2266,lxdm,12,123775,123774
2267,git-buildpackage,9,\N,\N
2268,ideapad,71,120158,120157
2269,webex,31,\N,\N
227,alternative,106,248300,248299
2270,crashplan,20,84597,84596
2273,live-environment,72,262349,262348
2274,ccsm,83,41130,41129
2276,duplicity,56,49324,49323
2277,radeon,837,72541,72540
2279,xulrunner,14,201151,201150
2280,tar,265,81544,81543
2283,keycodes,8,\N,\N
2286,window-decoration,42,\N,\N
2287,pm-utils,17,368650,368649
2289,firewire,23,\N,\N
229,workflow,9,\N,\N
2290,sd-card,325,390252,390251
2292,matrox,10,\N,\N
2293,chess,12,\N,\N
2295,ekiga,9,76528,76527
2298,nat,65,234408,234407
2299,lightdm,1115,43091,43090
23,xrandr,334,58912,58911
2300,boot-failure,339,43139,43138
2303,web-design,19,49293,49292
2305,r,104,51023,51022
2306,vpnc,43,355137,355136
2307,slideshow,34,\N,\N
2308,mass-storage,15,\N,\N
2310,music-player,102,284461,284460
2313,multiple-users,28,75614,75613
2320,removing,39,106401,106400
2328,bitcoin,57,491883,491882
2329,compiler,81,390557,390556
233,metacity,113,51057,51056
2330,adhoc,48,308362,308361
2332,kmymoney,8,\N,\N
2335,lockup,24,\N,\N
2338,ups,28,45144,45143
234,window-buttons,88,76258,76257
2340,lxde,333,76593,76592
2342,application-switcher,124,195104,195103
2346,visualization,16,\N,\N
2357,12.04,17540,60151,60150
2360,ubuntu-one-api,27,46395,46394
2365,apt-mirror,48,77574,77573
2366,webmin,66,76700,76699
237,special-characters,85,489352,489351
2372,sasl,20,123897,123896
2373,mail-server,100,\N,\N
2376,user-management,155,420929,420928
2377,kiosk,64,129620,129619
2382,wheel,5,183280,183279
239,flicker,78,76211,76210
2393,distro-recommendation,66,50164,50163
2401,claws,11,180137,180136
2409,keys,67,\N,\N
2412,nice,23,191092,191091
2414,curl,133,251616,251615
2416,multipointerx,4,53598,53597
2417,kdm,37,49319,49318
2418,apt-cacher-ng,18,49016,49015
242,gems,7,\N,\N
2421,audiobooks,5,76303,76302
2427,multiple-desktops,19,\N,\N
2429,schedule,57,714538,714537
243,remote-assistance,6,\N,\N
2431,uuid,49,85933,85932
2436,maven-3,34,\N,\N
2437,eclipse-cdt,33,76798,76797
2438,compilation-target,4,\N,\N
244,keyboard,2667,31704,31703
2441,auto-login,102,79671,79670
2442,subpixel-rendering,6,\N,\N
2443,calibre,35,51685,51684
2446,openswan,19,\N,\N
2447,lexmark,42,120809,120808
2449,centrino,27,\N,\N
245,keyboard-layout,1043,33363,33362
2451,clonezilla,71,76508,76507
2452,file-server,22,504163,504162
2453,alps,26,344387,344386
2454,image-processing,81,415089,415088
2455,projector,37,267487,267486
2459,gnome-session,62,\N,\N
2463,diagnostic,23,77706,77705
2464,uck,41,130028,130027
2465,gtalk,9,51687,51686
2466,gnote,14,53588,53587
2467,xbox-360,48,56376,56375
2468,gpu,268,52951,52950
2469,docking,30,\N,\N
2471,cyrus,3,719215,719214
2474,images,359,51673,51672
2480,qbittorrent,43,53608,53607
2484,objective-c,7,54022,54021
2486,digikam,29,52943,52942
2491,juju,1024,52019,52018
2492,apic,6,\N,\N
2494,pixma,38,73669,73668
2499,elinks,8,194988,194987
25,displaylink,52,7297,7296
250,umount,49,189191,189190
2503,firestarter,14,52947,52946
2504,lightning,38,53585,53584
2506,sata,90,285218,285217
2508,p2p,17,53603,53602
251,sudo,1458,33371,33370
2512,blocklist,9,\N,\N
2517,bumblebee,477,76640,76639
2519,dkms,69,76822,76821
252,ubufox,3,\N,\N
2525,ddclient,12,57671,57670
2526,uefi,2118,70029,70028
2527,alternate,49,59657,59656
2528,grub-efi,157,714515,714514
2529,locate,54,55727,55726
2530,updatedb,11,183352,183351
2532,multiboot,4,94093,94092
2533,reiserfs,4,76814,76813
2537,meego,7,54253,54252
2541,creative-zen,4,54287,54286
2543,split,37,\N,\N
2544,ip-address,48,55690,55689
2547,version,28,\N,\N
255,books,17,\N,\N
2550,passwd-file,30,340526,340525
2554,scanner,359,60024,60023
2559,disk-utility,94,390964,390963
256,administration,150,120555,120554
2560,syntax,38,183367,183366
2562,sector-size,8,\N,\N
2568,vinagre,16,57415,57414
257,ie,25,80376,80375
2573,google-musicmanager,7,\N,\N
2577,button,90,180964,180963
2578,jre,73,56365,56364
259,wine,2333,17448,17447
2591,zram,20,58110,58109
2593,mint,173,56724,56723
2594,mesa,85,314201,314200
2595,teminal-bell,6,\N,\N
2599,webkit,42,56958,56957
26,mouse,1831,31733,31732
260,browser,444,59324,59323
2603,vgaswitcheroo,59,132571,132570
2605,cpan,21,265333,265332
2606,korean,12,57304,57303
2608,plasma-netbook,6,57203,57202
2609,miro,7,57283,57282
2612,file-size,26,\N,\N
2615,nohup,28,57629,57628
2617,background,233,160700,160699
2620,mbox,7,58108,58107
2621,maildir,11,57559,57558
2623,remmina,104,57598,57597
2626,google-video,2,57863,57862
2629,touchegg,37,58106,58105
263,virtualbox,2782,23023,23022
2631,su,99,395245,395244
2633,geany,88,58128,58127
2636,batch,80,320804,320803
2637,tiling,12,352270,352269
264,naming,5,\N,\N
2643,privoxy,10,60014,60013
2646,fedora,85,76536,76535
2647,lowgraphics,119,\N,\N
2648,slim,8,59648,59647
2649,mongodb,109,61269,61268
2653,separation,4,\N,\N
2656,tabs,45,76221,76220
2658,multiarch,84,60011,60010
2659,application-development,1760,64233,64232
266,thunderbird,758,43421,43420
2664,lxpanel,41,62552,62551
2665,hd6470m,4,718831,718830
2668,sip,33,62549,62548
267,dependencies,1227,78916,78915
2671,disk-check,14,270602,270601
2672,ethernet,789,60303,60302
2675,online-accounts,124,298337,298336
2677,recovery-mode,171,395229,395228
268,archive,165,51050,51049
2680,openssl,155,61266,61265
2681,kdenlive,37,62547,62546
2682,texas-instruments,4,61017,61016
2683,screencast,72,63295,63294
2687,google-picasa,27,61260,61259
2693,modelines,4,61854,61853
2697,checksums,28,76830,76829
2700,send2printer,6,\N,\N
2702,bugzilla,21,76493,76492
2703,power-cog,6,68852,68851
2705,wpa2,57,182392,182391
2706,sylpheed,11,128315,128314
2707,jpeg,36,395323,395322
2708,bzip2,12,76190,76189
271,evolution,391,31567,31566
2715,windows-8,1704,63671,63670
2716,startup-applications,189,447183,447182
2717,boinc,20,73685,73684
2718,qt-creator,158,76468,76467
2719,gdb,50,76174,76173
272,shutdown,1191,17456,17455
2723,fuse,47,63673,63672
2724,sdl,50,63675,63674
2725,framebuffer,28,661820,661819
2726,fancontrol,92,649837,649836
2727,mediatomb,17,123777,123776
2728,nas,140,77083,77082
2729,iscsi,31,76466,76465
2732,unreadable,18,136585,136584
2733,jupiter,42,63887,63886
2735,engine,16,\N,\N
2736,lua,22,73683,73682
2737,typing-break,3,\N,\N
2739,jdownloader,19,76464,76463
274,acpi,295,60170,60169
2742,ubuntu-one-windows,66,72190,72189
2746,ip-scanner,5,\N,\N
2747,apt-cacher,16,76462,76461
2749,statistical,8,\N,\N
2751,hamster,12,191114,191113
2757,openpgp,31,76170,76169
276,ftp,476,72067,72066
2760,m4a,20,120038,120037
2762,lxc,227,311661,311660
2764,vaapi,16,193397,193396
2765,make,330,80188,80187
2768,mutt,37,236701,236700
277,nautilus,2351,23143,23142
2770,wunderlist,8,120047,120046
2771,javascript,81,76186,76185
2776,ubuntu-core,157,70035,70034
2778,ubuntu-bug,20,76160,76159
2782,kaddressbook,5,77593,77592
2784,davmail,5,\N,\N
2786,elementary,100,77551,77550
2787,pantheon,45,70997,70996
2788,madwifi,15,76183,76182
2789,cinelerra,14,76705,76704
279,backup,1362,31561,31560
2792,toshiba-satellite,161,76459,76458
2795,webapp-development,11,\N,\N
2796,telnet,56,67611,67610
2797,text-mode,41,67608,67607
2798,prevent,13,\N,\N
280,usb-drive,856,17478,17477
2802,hplip,84,73681,73680
2806,gnome-tweak-tool,83,76167,76166
2809,gnome-classic,341,76634,76633
281,lvm,499,77091,77090
2810,kvm-switch,19,68822,68821
2811,xcompmgr,4,\N,\N
2812,grab-handles,6,69088,69087
2814,postscript,12,569096,569095
2816,sound-theme,19,147303,147302
2818,fdisk,116,76457,76456
2819,beta,45,284454,284453
2820,sopcast,12,\N,\N
2822,gloobus-preview,7,75189,75188
2823,equivs,4,\N,\N
2824,hybrid-graphics,255,127740,127739
2825,read-only,160,390266,390265
2827,minimize,59,197105,197104
2829,sshd,87,76455,76454
283,hidden-features,6,\N,\N
2832,standby,18,\N,\N
2833,.ttf,16,73673,73672
2834,handbrake,27,72474,72473
2835,unionfs,11,404278,404277
2836,applications-lens,20,73671,73670
2837,xscreensaver,50,73675,73674
2838,ureadahead,8,105946,105945
2839,gtk3,238,76473,76472
2840,pygi,40,75192,75191
2841,porting,26,77542,77541
2844,w64codecs,3,76453,76452
2846,kupfer,9,75177,75176
2849,phonon,16,72052,72051
285,google-calendar,41,76761,76760
2850,muon-package-manager,22,72363,72362
2851,mouse-wheel,46,77345,77344
2853,lazarus,16,76451,76450
2855,internet-connection,184,76375,76374
2859,orchestra,7,77602,77601
286,calendar,187,390279,390278
2860,org-mode,6,\N,\N
2863,https,92,76181,76180
2865,unallocated,34,76369,76368
2867,nautilus-script,24,76178,76177
287,organizer,10,\N,\N
2871,checkbox,8,76378,76377
2876,device-name,12,76992,76991
2877,username,98,76366,76365
2878,firefox-extensions,71,76201,76200
2879,vector-drawings,16,76297,76296
288,codecs,172,57701,57700
2880,system-info,24,76394,76393
2881,file-type,27,76392,76391
2883,ms-dos,22,74570,74569
2888,xinput,109,182390,182389
2889,charms,14,75316,75315
289,latex,277,76588,76587
2890,lyrics,12,76362,76361
2892,application-submission,34,75649,75648
2893,microsoft-word,19,76199,76198
2894,google-plus,14,76192,76191
2895,smb,96,76360,76359
2897,playlists,30,77239,77238
29,filesystem,1503,26231,26230
290,text-editor,220,120550,120549
2900,cybercafe,4,77280,77279
2901,nautilus-actions,36,77539,77538
2904,huawei,102,77605,77604
2908,lg,20,79517,79516
2911,launchpadlib,14,78466,78465
2912,launchpad-api,11,88669,88668
2914,scopes,114,288698,288697
2916,openstack,557,78460,78459
2921,msi,69,79384,79383
2924,logitech,199,79382,79381
2926,vdpau,18,80182,80181
2927,scrollbar,33,81777,81776
2929,marlin,11,79099,79098
2930,ncurses,29,82091,82090
2931,drm,32,79380,79379
2933,greybird,5,79373,79372
2937,mov,8,81775,81774
2938,rabbitvcs,36,80117,80116
2939,environment,48,\N,\N
2941,activities-overview,22,81201,81200
2942,dosbox,26,80282,80281
2951,akonadi,13,91098,91097
2953,multipath,7,107669,107668
2954,dmraid,30,81688,81687
2955,via,20,85176,85175
2956,busybox,44,91096,91095
2957,glade,119,83082,83081
2958,debian-installer,44,390577,390576
2959,kerberos,38,88667,88666
296,rootkit,42,262143,262142
2960,xfce4-power-manager,25,83320,83319
2961,zfs,98,82112,82111
2962,top,60,83075,83074
2967,templates,16,83073,83072
2968,macbuntu,18,83318,83317
2969,wpa,15,83316,83315
2971,gnome-fallback,9,84211,84210
2972,dv6,37,83592,83591
2977,jungledisk,4,84205,84204
2978,online-storage,12,84208,84207
2979,brother,117,87139,87138
298,fstab,633,57649,57648
2980,kde4,119,91082,91081
2986,gpt,201,371736,371735
2987,proc,53,259213,259212
299,scripts,2842,33361,33360
2990,memory-leak,28,367823,367822
2992,bluefish,19,85880,85879
2997,alienware,43,87137,87136
2998,rosegarden,8,87735,87734
30,installation,7461,27945,27944
3000,ndb,2,\N,\N
3004,package-info,13,\N,\N
3005,workgroup,12,91101,91100
3008,netgear,67,87135,87134
3009,compaq,41,87133,87132
301,input-devices,146,81516,81515
3010,presario,13,87148,87147
3011,mate,297,87052,87051
3014,squashfs,29,182404,182403
3016,faenza,16,87729,87728
3021,autofs,15,\N,\N
3026,nmap,41,88417,88416
3028,pdf-bookmarks,5,\N,\N
3029,gdevilspie,2,\N,\N
3030,devilspie,5,\N,\N
3031,chown,139,89019,89018
3032,rabbitmq,12,\N,\N
3033,cookie,16,89768,89767
3034,social,12,\N,\N
3038,sound-juicer,7,90182,90181
3039,ushare,5,\N,\N
304,programming,464,31557,31556
3042,aircrack-ng,76,91076,91075
3048,nokia,46,91606,91605
3049,gtkrc,11,\N,\N
305,troubleshooting,148,33342,33341
3051,usb-modem,408,91608,91607
3052,zte,28,130023,130022
3053,vodafone,3,91602,91601
3055,spdif,24,120582,120581
3056,audio-jack,68,93027,93026
3058,tooltip,17,120033,120032
306,firmware,113,\N,\N
3060,gif,22,91766,91765
3062,xml,49,91908,91907
3063,ricoh,15,119927,119926
3064,wpa-supplicant,53,102804,102803
3066,pcmanfm,80,93895,93894
3068,pandoc,7,\N,\N
3070,cross-compilation,71,390568,390567
3071,libunity,2,102806,102805
3072,libdbusmenu,4,\N,\N
3073,gem,39,\N,\N
3074,yakuake,10,93899,93898
3075,password-recovery,189,92918,92917
3081,data-loss,95,93463,93462
3082,system-tray,170,93466,93465
3083,web-development,56,94618,94617
3087,libxml,7,120591,120590
3088,minitube,15,94616,94615
309,repository,732,31780,31779
3091,ubuntu-tv,32,94076,94075
3092,cinnamon,331,94344,94343
3093,overclocking,29,94382,94381
3098,x121e,5,\N,\N
3099,tcl,21,101938,101937
31,10.04,1990,3572,3464
3103,systray,3,96290,96289
3104,lenovo-s12-intel,3,\N,\N
3105,testdisk,96,101935,101934
3106,duplicate,31,284102,284101
3109,wakeup,67,96834,96833
311,system,529,17458,17457
3111,messaging-tray,12,97067,97066
3112,rotate-monitor,18,97150,97149
3114,livedvd,104,102217,102216
3119,add-on,13,98141,98140
3120,pavucontrol,18,98070,98069
3121,dash-shell,16,102856,102855
3122,launchy,5,126404,126403
3123,customizer,23,98137,98136
3124,abiword,19,98143,98142
3126,hud,126,98139,98138
313,winetricks,133,191690,191689
3131,bsd,7,103576,103575
3132,math,26,\N,\N
3135,pptpd,32,104103,104102
3139,unity-greeter,97,102214,102213
3140,quodlibet,10,197987,197986
3141,media,157,100272,100271
3143,trademark,9,100515,100514
3148,gma500,29,102211,102210
3149,keyboard-accelerators,21,\N,\N
3151,beatbox,3,101362,101361
3152,persistence,54,368495,368494
3153,asterisk,29,101957,101956
3154,virtualdesktop,16,102582,102581
3158,kinect,19,103026,103025
3159,kodak,10,\N,\N
3160,boot-order,23,103104,103103
3161,windows-phone,35,103159,103158
3162,catalyst,115,390276,390275
3164,ircd-hybrid,7,103307,103306
3165,telinit,4,186774,186773
3166,runlevel,44,103567,103566
3167,rekonq,5,107342,107341
317,fonts,1082,31555,31554
3170,kwin,42,103573,103572
3171,windows-vista,127,103571,103570
3172,exfat,55,103569,103568
3173,epiphany,19,103473,103472
3176,xte,12,120580,120579
3180,boost,47,320767,320766
3185,dnsmasq,106,111625,111624
3187,gnome-screensaver,39,120516,120515
3189,ssh-import-id,3,111610,111609
3191,powernap,5,368653,368652
3193,zimbra,9,186760,186759
3194,motif,4,111623,111622
3195,signal,38,\N,\N
3196,ubuntu-for-android,81,106606,106605
3199,sound-editor,5,120181,120180
32,panel,475,33104,33103
320,firewall,512,76710,76709
3204,encfs,32,111608,111607
3207,uptime,12,109428,109427
3208,looking-glass,4,\N,\N
3209,zsnes,2,179558,179557
3211,arduino,51,107851,107850
3212,mumble,15,109295,109294
3217,gobject,7,\N,\N
3220,motd,34,109433,109432
3223,router,173,110570,110569
3225,wii,12,110568,110567
3227,stress-testing,8,111604,111603
3230,pysdm,4,111616,111615
3234,cdma,15,311787,311786
3235,vi,76,120461,120460
3238,scons,1,111137,111136
324,debootstrap,44,492444,492443
3240,scidavis,4,111614,111613
3243,ps1,20,336643,336642
3244,squid-deb-proxy,15,112736,112735
3247,dvd-backup,10,\N,\N
3253,fbgrab,3,718811,718810
3258,xps-file,3,112854,112853
326,gimp,303,31818,31817
3262,boot-partition,104,395112,395111
3265,format-conversion,35,422908,422907
3266,key-binding,95,119948,119947
3268,gdebi,17,113450,113449
3269,execute-command,129,354637,354636
3271,app-install,2,\N,\N
3272,unsupported-packages,13,\N,\N
3274,switch-user,34,\N,\N
3275,ubuntu-restricted-extras,43,114592,114591
3277,installed-programs,83,315569,315568
3279,gnome-shell-extension,79,114590,114589
328,ebooks,50,123506,123505
3280,golang,13,119941,119940
3284,cmyk,8,115077,115076
329,development,335,27943,27942
33,applet,163,57685,57684
3300,hp-cloud,3,\N,\N
3304,dkim,9,120595,120594
3308,batch-rename,90,120202,120201
331,window-manager,507,17431,17430
3312,twinkle,3,117061,117060
3315,boxes,5,\N,\N
3317,gtk-2,38,\N,\N
3318,4g,18,119930,119929
3319,i3-wm,56,\N,\N
3320,myunity,15,117901,117900
3321,flac,32,117906,117905
3324,bootcamp,13,120198,120197
3330,musicbrainz,3,118780,118779
3334,airplane-mode,8,120196,120195
3337,vdi,15,\N,\N
3339,quality,17,230744,230743
334,windows-7,2300,31737,31736
3342,scale-mode,12,\N,\N
3343,standalone-session,5,\N,\N
3344,video-conversion,84,135259,135258
3345,dvi,40,120352,120351
3346,dead-keys,16,119671,119670
3348,nimbuzz,2,\N,\N
3349,navigation,42,\N,\N
335,vmware,880,33388,33387
3350,safety,31,\N,\N
3351,orientation,8,\N,\N
3353,maas,817,120440,120439
3354,trackpoint,44,\N,\N
3355,poulsbo,10,\N,\N
336,blog,10,\N,\N
3364,pango,11,124524,124523
3371,dell-vostro,58,395223,395222
3372,xev,25,179574,179573
3375,adobe-acrobat,26,124526,124525
3376,uget,24,180093,180092
3379,12.10,4098,124150,124149
338,guest-session,126,395104,395103
3380,quicktime,14,128389,128388
3381,anacron,30,124522,124521
3383,console-kit,11,\N,\N
3385,data-recovery,1087,195099,195098
3387,mobile-broadband,181,129226,129225
339,wubi,1345,31768,31767
3392,oxygen,11,127031,127030
3395,gnumeric,8,125416,125415
3396,expresscard,4,135255,135254
3402,stable,23,\N,\N
3408,release-upgrade,32,129245,129244
3412,panel-applets,12,128378,128377
3415,xfwm4,16,129248,129247
3419,disconnect,58,\N,\N
342,banshee,415,33102,33101
3422,proposed-updates,3,128335,128334
3425,show-desktop,11,133871,133870
3431,pastebin,9,129401,129400
3433,downloaders,28,\N,\N
3436,elantech,30,133864,133863
3437,scrolling,136,130333,130332
3438,lxterminal,31,369028,369027
3439,randr,11,131265,131264
3443,gthumb,14,131448,131447
3446,bbswitch,13,131727,131726
3453,bc,9,133064,133063
3455,mysql-workbench,58,139766,139765
3458,dynamic-ip,20,\N,\N
3459,7zip,44,135251,135250
346,unlock,33,\N,\N
3464,snmp,31,137361,137360
3467,duplex-printing,10,135244,135243
3469,popup-ads,12,\N,\N
347,input-language,115,\N,\N
3470,whoopsie,18,188150,188149
3471,location-bar,3,136221,136220
3472,ubuntu-forums,15,135976,135975
3473,maximized,38,339494,339493
3474,jigdo,3,137844,137843
3475,paint,4,\N,\N
3476,image-editor,26,\N,\N
3478,eps,9,138200,138199
348,shortcut-keys,2217,31729,31728
3480,media-buttons,34,568938,568937
3483,crossover,27,225730,225729
3484,wireless-keyboards,25,\N,\N
3485,plank,13,138209,138208
3486,nautilus-extensions,19,\N,\N
3488,octave,73,139764,139763
3490,libvirt,3,139753,139752
3491,hostapd,60,\N,\N
3493,macbook-air,70,139759,139758
3495,shredding,8,\N,\N
3498,dvb-t,25,448269,448268
35,lts,397,72724,72723
350,brainstorm,10,76495,76494
3508,gettext,11,201788,201787
3509,localization,39,237663,237662
3510,pyside,12,\N,\N
3511,openchrome,8,141208,141207
3512,mib,3,\N,\N
3516,restricted-access,41,141214,141213
3518,scribus,6,143608,143607
3528,function-keys,101,160673,160672
3529,deadbeef,8,\N,\N
3534,kdevelop,11,177445,177444
3539,laserjet,14,143548,143547
3542,usbhid,14,180501,180500
3544,virtualbox-networking,77,332637,332636
3548,update-alternatives,49,\N,\N
3549,google-drive,34,146789,146788
355,9.10,106,31755,31754
3550,grive,26,\N,\N
3553,konica,4,\N,\N
3554,secure-boot,89,160434,160433
3556,mpi,23,628423,628422
3558,accomplishments,12,145864,145863
3559,held-packages,11,\N,\N
356,sharing,203,92574,92573
3564,color-depth,14,284469,284468
3565,crunchbang,5,160483,160482
3568,xserver,199,\N,\N
3570,sms,32,448279,448278
3571,grubrescue,454,160678,160677
3572,ios,50,160485,160484
3573,hvr-2250,2,\N,\N
3574,boot-time,17,160481,160480
3575,socks5,22,448548,448547
3579,tuxonice,8,\N,\N
3580,upload,52,165189,165188
3582,xerox,19,182394,182393
3584,fortran,50,191119,191118
3587,pidgin-sipe,6,151174,151173
3588,microsoft-lync,5,300969,300968
3589,google-maps,9,160300,160299
3590,vncviewer,27,166672,166671
3592,broadcasting,4,147824,147823
3597,address-book,8,165725,165724
3599,useradd,27,155971,155970
360,usb,4481,4390,4389
3601,drivers,7776,158570,158569
3604,cacti,6,166762,166761
3608,adsl,8,164753,164752
3618,xvfb,17,177545,177544
3619,tuxguitar,8,155965,155964
362,parental-controls,27,\N,\N
3620,hot-spot,139,160212,160211
3628,teamspeak,32,167031,167030
3630,usb-modeswitch,39,190657,190656
3632,plex,51,422653,422652
3634,sockets,40,\N,\N
3635,alcatel,11,168020,168019
364,magic-mouse,21,\N,\N
3640,appindicator,5,151258,151257
3641,embedded-system,34,151264,151263
3643,non-pae,11,151464,151463
3644,screen-corruption,29,151423,151422
3645,snapshot,39,151429,151428
3646,libav,28,168079,168078
3647,cgi,37,\N,\N
365,ubuntu-one,1442,13718,13717
3650,system-settings,299,159875,159874
3658,python-2.7,208,160381,160380
366,delete,376,77251,77250
3661,.desktop,324,159421,159420
3662,wvdial,24,155959,155958
3663,inotify,17,155957,155956
3664,timezone,39,155955,155954
367,mount,3229,31722,31721
3679,korganizer,7,167128,167127
368,resolution,1100,48574,48573
3680,pascal,5,155953,155952
3686,prefix,8,\N,\N
3687,macbook-pro,321,159365,159364
369,samba,1298,31742,31741
3693,syslinux,52,165720,165719
3694,dh-make,12,168788,168787
3696,boot-repair,430,159416,159415
3697,verbose,4,164464,164463
3705,vuze,14,163485,163484
3706,hdtv,6,160209,160208
3714,nvidia-current-dev,9,\N,\N
3717,gst,3,\N,\N
372,lubuntu,2545,51048,51047
3729,utorrent,50,161025,161024
373,mythbuntu,122,75171,75170
3731,ip-forward,13,166798,166797
3732,yum,7,161514,161513
3733,notify-send,43,166795,166794
3738,thunderbolt,16,161980,161979
3739,cryptroot,2,\N,\N
3744,ibm,24,164422,164421
3747,nodejs,180,168544,168543
3751,rtmp,9,165083,165082
3752,bootchart,37,164459,164458
3753,ip,260,164425,164424
3756,ntop,8,166827,166826
3758,fujitsu-siemens,26,165970,165969
3759,bricscad,3,165965,165964
3762,os-prober,10,180426,180425
3765,gateway,59,166639,166638
3769,nova,21,\N,\N
3770,toshiba,106,166477,166476
3772,peripherals,15,166474,166473
3781,video-streaming,66,168016,168015
3784,google-chat,5,167707,167706
3787,rfkill,41,167891,167890
3789,avconv,143,167701,167700
3794,xfs,22,168547,168546
3796,icedtea,47,168848,168847
3798,nux,4,168962,168961
38,lamp,510,57713,57712
3810,mozc,7,176059,176058
382,single-sign-on,22,134909,134908
3824,logs,74,177240,177239
383,contributing,27,75261,75260
3831,snap-windows,10,172670,172669
3838,ultrabook,43,173392,173391
3839,awk,168,173772,173771
384,windicators,3,355132,355131
3842,setcap,5,174849,174848
3846,wireshark,65,174934,174933
385,canonical,145,62275,62274
3851,ahci,13,175833,175832
3852,detect,45,\N,\N
3857,sublime-text,164,211260,211259
386,drag-and-drop,76,83594,83593
3863,pentesting,3,176739,176738
3873,kazam,13,177504,177503
3874,radiance,9,184997,184996
3877,krunner,6,178400,178399
3881,bootup,18,\N,\N
3882,apt-fast,17,179445,179444
389,emacs,248,76281,76280
3890,npm,73,312540,312539
3893,raspberrypi,147,180008,180007
39,mysql,1237,48139,48138
390,cpu-load,204,120238,120237
3903,xdotool,63,180416,180415
3904,smplayer,37,180414,180413
3907,axel,10,180368,180367
3908,cpuinfo,14,180863,180862
3913,python3,241,181804,181803
3915,mailing-list,3,\N,\N
3917,irda,3,182281,182280
3919,yumi,15,182097,182096
392,multiple-monitors,1931,31735,31734
3920,picasa,13,182100,182099
3921,static-ip,96,182120,182119
3925,filelink,11,\N,\N
3927,master-pdf-editor,7,\N,\N
3928,portable,37,\N,\N
393,usability,93,62277,62276
3930,kickoff,8,182859,182858
3931,htop,24,182929,182928
3932,ath9k,35,184863,184862
3933,release-notes,2,\N,\N
3938,lirc-zilog,1,185546,185545
3943,lxml,5,184866,184865
3949,wav,11,185519,185518
3950,abcde,4,184869,184868
3952,selinux,26,184004,184003
3958,packet-analyzer,19,184253,184252
396,cron,790,49331,49330
3962,glibc,66,185482,185481
3963,lspci,21,185480,185479
3965,usbfs,3,185478,185477
397,postfix,422,76725,76724
3972,download-manager,63,187021,187020
3973,idm,8,186651,186650
3977,rygel,10,187090,187089
398,warning,47,\N,\N
3986,kde-telepathy,8,187621,187620
3987,skel,6,\N,\N
3989,grooveshark,7,187616,187615
399,irc,79,45149,45148
3990,alien,28,189538,189537
3991,xhci-hcd,13,187691,187690
3994,a2dp,29,188026,188025
3995,cuttlefish,5,188023,188022
3999,lightread,6,189506,189505
4,software-center,2027,23972,23971
40,php,1264,48592,48591
4001,switchable-graphics,26,194739,194738
4002,runescape,11,189556,189555
4006,sendmail,68,190623,190622
4007,ld,27,\N,\N
4008,dynamic-linking,30,\N,\N
4015,voice-recognition,14,\N,\N
4016,ejabberd,8,190647,190646
4019,x11rdp,10,409993,409992
4020,xrdp,112,312657,312656
4023,geoip,6,\N,\N
4026,multi-user,13,\N,\N
4029,backuppc,11,194055,194054
4033,amazon,25,313820,313819
405,menu,503,31778,31777
4069,recoll,14,569098,569097
407,shared-library,198,389111,389110
4070,vst,5,\N,\N
4074,audio-player,5,448554,448553
4075,dist-upgrade,24,\N,\N
4077,lynx,16,194990,194989
408,build,35,\N,\N
4084,barcode,13,195863,195862
4086,ac3,5,195477,195476
4087,web-feed,3,\N,\N
4090,xmpp,21,196110,196109
4091,ptp,4,718872,718871
4092,gnome-documents,3,\N,\N
4093,rescue-mode,14,\N,\N
4095,external-soundcard,36,197012,197011
4096,intel-video,4,\N,\N
4097,lxsession,13,196791,196790
4100,system-language,22,\N,\N
4103,media-library,6,\N,\N
4104,displayport,73,\N,\N
4105,print-screen,20,198308,198307
4107,visudo,37,448303,448302
411,network-manager,1651,31547,31546
4114,hash,31,\N,\N
4118,microsoft-powerpoint,7,\N,\N
4119,donation,14,390857,390856
412,settings,478,77910,77909
4121,intel-hd,19,\N,\N
4123,ubuntu-advantage,16,410346,410345
4132,configure,95,466138,466137
4134,yaboot,6,202521,202520
4135,memtest,23,448534,448533
4136,solr,20,202524,202523
4137,ogg-opus,6,202277,202276
4138,mainline-kernel,8,202069,202068
4153,version-upgrade,6,\N,\N
4154,polipo,7,204505,204504
4159,intellij,54,204975,204974
416,debug,66,77110,77109
4160,shopping-lens,10,204932,204931
4165,joomla,27,\N,\N
4167,aptana-studio,24,\N,\N
417,fan,381,74428,74427
4170,icecast,16,207204,207203
4172,ices,4,\N,\N
4173,geary,16,\N,\N
4177,nexus-7,187,207048,207047
418,suspend,1442,33115,33114
4180,htc,14,206978,206977
4185,stylus,16,207420,207419
419,hibernate,551,33117,33116
4195,gnome-control-center,42,395451,395450
42,performance,860,31750,31749
420,bios,494,77102,77101
4201,13.04,3669,210482,210481
4204,hp-touchpad,14,\N,\N
4205,zlib,12,\N,\N
4206,libgcrypt,9,\N,\N
4207,uvc,5,\N,\N
4208,video4linux,10,\N,\N
4211,checkinstall,18,\N,\N
4213,gammu,6,216211,216210
4218,pictures,45,\N,\N
422,adobe,175,60173,60172
4220,qt3,15,274315,274314
4223,stdout,20,\N,\N
4224,software-updater,62,\N,\N
4226,unattended-upgrades,53,444765,444764
4227,click-policy,10,215038,215037
4235,raid5,42,\N,\N
4239,google-reader,2,216207,216206
424,knr,2,\N,\N
4245,vagrant,104,296863,296862
4246,autossh,5,312662,312661
4247,undelete,30,\N,\N
4249,emulator,86,\N,\N
4250,attachment,12,313824,313823
4255,optical,13,433233,433232
426,cd,307,72537,72536
4260,foobar2000,5,718838,718837
4261,thunar-custom-actions,12,\N,\N
4262,searchmonkey,2,\N,\N
4263,xmms,3,\N,\N
4265,cyrillic,5,\N,\N
4269,paste,40,284463,284462
427,authentication,424,160697,160696
4270,location,39,\N,\N
4278,minidlna,22,\N,\N
428,konsole,45,76777,76776
4280,shm,4,\N,\N
4283,tree,14,\N,\N
4287,unknown-device,8,223106,223105
4289,lm-sensors,43,317843,317842
4290,rtl,21,437732,437731
4293,gksudo,42,448289,448288
4294,sysv,12,366383,366382
4296,palm,3,\N,\N
4297,jpilot,3,718876,718875
43,encryption,1225,31770,31769
430,transparent-proxy,11,\N,\N
4302,caja,8,\N,\N
4303,chromeos,39,223962,223961
4304,semantic,5,\N,\N
4306,reprepro,10,224941,224940
4307,qsystemtrayicon,5,224945,224944
431,unity,8031,4545,4544
4313,chrome-extension,14,390535,390534
4317,hard-link,19,\N,\N
4318,weston,3,326124,326123
4319,timestamp,25,311576,311575
4321,remapping,54,\N,\N
4322,chromebook,332,226197,226196
4324,cmake,115,390547,390546
4329,acl,35,230562,230561
433,globalmenu,81,51052,51051
4331,autorun,19,\N,\N
4332,tweak,35,\N,\N
4336,tap-to-click,15,307046,307045
4337,io,43,\N,\N
4338,kmix,7,\N,\N
434,macosx,397,83586,83585
4340,remote-login,24,380044,380043
4342,lsusb,29,230560,230559
4344,spyder,14,227955,227954
4345,margin,4,\N,\N
4348,virt-manager,33,\N,\N
4349,terminal-bell,3,\N,\N
4350,qml,338,228741,228740
4351,iodbc,4,\N,\N
4355,decompress,11,\N,\N
4356,safely,11,\N,\N
436,storage,140,\N,\N
4363,torrent-client,27,395463,395462
4364,flush,3,\N,\N
4368,network-bonding,34,230571,230570
4371,xcalib,4,\N,\N
4372,do-release-upgrade,137,399588,399587
4373,one-hundred-paper-cuts,3,235017,235016
4375,gis,11,569093,569092
4376,dotnet,17,332653,332652
4377,cp,88,346007,346006
4379,decryption,16,\N,\N
438,offline,114,480817,480816
4380,nitro,7,\N,\N
4382,qt5,114,235247,235246
4384,daw,3,\N,\N
4387,backtrack,23,235250,235249
4388,compat-wireless,7,\N,\N
4389,freemat,3,282459,282458
4391,disk-image,63,\N,\N
4395,freelan,1,233589,233588
4399,alfa-wireless,12,\N,\N
44,email,721,33100,33099
4403,context-menu,46,390561,390560
4405,intel-smart-response,3,\N,\N
4406,jhbuild,11,235244,235243
4407,platform-integration,6,\N,\N
4408,nfc,5,234823,234822
4409,simon,3,246159,246158
4411,opendns,12,246157,246156
4418,source-packages,45,\N,\N
4420,galaxy-nexus,27,325050,325049
4421,ubuntu-phone,6,\N,\N
4425,sound-recorder,11,251671,251670
4426,gnome-disk-utility,20,246154,246153
4428,ivybridge,11,\N,\N
4429,reinstalling,23,\N,\N
4430,microsoft-installer,1,300982,300981
4431,passwd,57,246148,246147
4432,lightworks,5,246152,246151
4433,ibm-lotus-symphony,2,\N,\N
4436,resolvconf,39,246145,246144
4438,heat,20,\N,\N
444,idevices,4,\N,\N
4441,ppp,22,240551,240550
4446,xsane,28,246142,246141
4449,doublecmd,1,243819,243818
445,ayatana,25,27265,27264
4455,xdebug,12,246140,246139
4460,tp-smapi,7,\N,\N
4462,stickynotes,13,245050,245049
4467,nessus,4,246912,246911
4468,partitions,461,313570,313569
4471,ufs,6,355145,355144
4474,duration,5,\N,\N
4476,expo-mode,4,\N,\N
448,compiling,1260,33348,33347
4484,tv-card,1,\N,\N
4485,video-capture-card,15,\N,\N
4486,ivtv,3,308407,308406
449,compiz,1725,17409,17408
4490,scilab,11,250030,250029
4491,mariadb,44,250033,250032
4498,soundconverter,15,251650,251649
450,btrfs,200,57699,57698
4501,unity-tweak-tool,64,250528,250527
4504,sagemath,15,250684,250683
4505,wired,152,251002,251001
4510,ulimit,39,254783,254782
4511,jvm,15,251666,251665
4513,lmms,12,251648,251647
4514,redmine,20,251613,251612
4518,nemo,98,257157,257156
4525,menu-bar,83,\N,\N
4527,e1000,3,\N,\N
4528,nic,35,257163,257162
4537,vim-plugin,18,253977,253976
4539,gigolo,4,254144,254143
454,ubiquity,160,103145,103144
4541,ustream,1,257161,257160
4543,pcscd,7,\N,\N
4553,chm2pdf,1,256349,256348
4556,ubuntu-sdk,455,257153,257152
4557,my-weather-indicator,9,\N,\N
456,kms,12,\N,\N
4561,white-screen,13,257674,257673
457,plymouth,325,48590,48589
4571,konqueror,4,264189,264188
4577,nexus-10,17,272511,272510
4579,ubuntu-touch,2197,259988,259987
458,upstart,650,47929,47928
4581,lxrandr,3,\N,\N
4588,cloning,40,261673,261672
4595,reverse-tethering,11,264158,264157
4596,clang,40,331766,331765
46,mta,17,\N,\N
460,init,169,77258,77257
4601,photo-editing,8,\N,\N
4604,mir,50,264084,264083
4605,chorded-keyboard,1,264115,264114
4607,inetd,6,332650,332649
4608,surface,58,264184,264183
4611,nrpe,2,326117,326116
4615,vmbuilder,6,\N,\N
4616,pbuilder-dist,4,265910,265909
462,android,1268,48582,48581
4623,sansa-clip,5,272889,272888
4624,.sh,47,313815,313814
4627,x230,10,\N,\N
4628,fedena,2,718813,718812
4633,permanent-delete,15,\N,\N
4634,secure-delete,7,\N,\N
4635,otrs,4,\N,\N
4636,tt-rss,4,\N,\N
4638,bleachbit,30,271789,271788
4640,bzrlib,3,369030,369029
4641,xfce4,15,269507,269506
4642,xfce4-terminal,38,\N,\N
4647,cedarview,14,271669,271668
4649,wmctrl,38,269576,269575
465,debian,317,51222,51221
4653,yed,4,271667,271666
4654,passphrase,37,282090,282089
4656,grub-legacy,40,270559,270558
4659,pencil,4,271787,271786
466,sid,3,\N,\N
4660,killall,9,271612,271611
4661,autoplay,3,284435,284434
4665,sis-graphics,12,704730,704729
4669,ksnapshot,4,272508,272507
467,gnome-terminal,1142,17442,17441
4670,anki,6,283430,283429
4671,insync,5,280338,280337
4672,man,4,275897,275896
4673,unistd,1,282853,282852
4676,watchdog,5,280336,280335
4677,cgroup,21,274188,274187
4678,ubuntu-email-address,8,281709,281708
468,gwibber,104,57667,57666
4680,atime,1,282847,282846
4684,video-driver,183,373496,373495
4685,calligra,4,275801,275800
4687,tee,9,275804,275803
4689,character-set,10,507408,507407
469,gtk,714,50254,50253
4690,csv,35,281706,281705
4691,free,23,276287,276286
4692,rtl8192ce,7,280311,280310
4693,berkeleydb,3,278416,278415
4695,mod-rewrite,26,278830,278829
4696,.htaccess,45,278414,278413
47,cleanup,84,390541,390540
470,csd,3,\N,\N
4701,jmol,1,280309,280308
4702,xkb,52,279504,279503
4703,hybrid-efi,2,279337,279336
4704,tcsh,16,279502,279501
4706,vector,5,281704,281703
4707,wwan,11,279800,279799
4709,msgfmt,2,280040,280039
471,wireless,7931,26438,26437
4710,zoneminder,12,280038,280037
4711,startup-disk-creator,43,294082,294081
4712,startup-disk,7,284457,284456
4713,doxygen,2,280650,280649
4716,ownership,74,295625,295624
4723,virtualmin,12,281801,281800
4724,ipmi,7,281804,281803
4726,ussd,10,281959,281958
4728,word-processor,3,282557,282556
4729,chef,5,282793,282792
4732,chemaxon,2,283671,283670
4733,integrated,13,284545,284544
4736,apticron,4,284646,284645
4740,gallium,9,284854,284853
4741,gnome-pie,3,284859,284858
4742,mediawiki,20,284861,284860
4743,system-call-fastboot,3,286013,286012
4744,powerline-plugin,7,285141,285140
4745,13.10,2766,285392,285391
4748,iceweasel,6,285511,285510
4749,winff,7,286000,285999
4750,security-card,1,295623,295622
4751,cac-reader,1,287831,287830
4752,logitech-unifying,30,285551,285550
4753,relinux,9,285998,285997
4755,icecat,4,286002,286001
4756,nepomuk,7,286098,286097
4757,sandy-bridge,8,286418,286417
4758,athena-filemanager,1,286408,286407
4759,beowulf,9,286423,286422
4761,iphoto,1,286426,286425
4762,aif,1,286736,286735
4764,ultrastar-deluxe,4,286585,286584
4765,postgres,28,287066,287065
4766,pg,2,287070,287069
4767,preload,9,287171,287170
4771,pkexec,18,288046,288045
4772,ceph,38,288049,288048
4774,iowait,6,290270,290269
478,gps,43,76790,76789
4782,friends-app,8,290263,290262
4783,indicator-syc,1,294078,294077
4786,libre.fm,1,290266,290265
4787,dm-cache,4,290731,290730
4788,flashcache,10,290702,290701
4789,bcache,22,290728,290727
4790,enhanceio,7,290735,290734
4791,indicator-message,17,294071,294070
4794,gma3600,4,290852,290851
4799,virtualenv,38,291933,291932
48,kate,55,73268,73267
480,vpn,878,48586,48585
4800,netinstall,6,291935,291934
4801,libtiff,11,291937,291936
4802,evolution-mapi,7,291939,291938
4803,glitch,47,291942,291941
4805,lingot,1,292669,292668
4806,unity-previews,3,292666,292665
4807,unity-next,1,292664,292663
4812,goldendict,11,293495,293494
4813,preinstallation,34,294281,294280
4816,testsuite,1,295621,295620
4817,julia-lang,1,295619,295618
4818,lintian,7,296806,296805
4819,elevation,2,296811,296810
482,re-installation,94,53295,53294
4820,copy.com,15,296824,296823
4821,qgtkstyle,1,296822,296821
4825,dragon,2,297730,297729
4826,remote-imaging,3,299522,299521
4827,pinyin,15,297930,297929
4828,htdocs,3,298363,298362
4829,quantum,6,298621,298620
483,differences,17,202863,202862
4831,easybcd,30,298966,298965
4834,vimrc,16,300231,300230
4835,ansi,6,300234,300233
4836,cdn,2,300227,300226
4838,h264,12,300573,300572
4839,virtualenvwrapper,10,300575,300574
484,ram-usage,10,216979,216978
4840,flask,10,300579,300578
4841,bottle,3,300577,300576
4847,vmdk,6,301949,301948
4848,qcow2,8,301939,301938
4849,pam-environment,9,301941,301940
485,swap,639,50401,50400
4850,xbacklight,11,302123,302122
4858,caching,12,303446,303445
486,eclipse,730,72030,72029
4861,tint2,7,303470,303469
4864,nitroshare,4,304523,304522
4867,onscreen-keyboard,13,305377,305376
4869,icon-themes,51,305388,305387
4874,jekyll,9,306167,306166
4875,cms,10,305924,305923
4878,mailutils,5,306415,306414
488,multiseat,34,308186,308185
4881,sdk,58,306997,306996
4883,xkill,7,307239,307238
4888,beagleboard,31,308181,308180
4889,rdesktop,10,308190,308189
489,citrix,47,146653,146652
4890,luz,1,308254,308253
4892,google-app-engine,2,308553,308552
4895,home-theatre,7,308836,308835
49,touchpad,1456,31776,31775
490,rdp,133,123532,123531
4900,text-processing,209,312326,312325
4902,pstn,3,311013,311012
4903,hp-pavilion,156,311330,311329
4904,minix,1,311092,311091
4907,iwlwifi,128,311669,311668
4908,tomcat7,69,312246,312245
491,promotion,4,120171,120170
4914,hardware-test,7,313811,313810
4918,network-drive,7,313600,313599
4920,esx,5,314604,314603
4926,libertas,1,315305,315304
4932,wifi-direct,30,315851,315850
4933,ace,3,315989,315988
4934,inode,16,316205,316204
4935,jenkins,20,316255,316254
4939,cryptsetup,32,316840,316839
494,pulseaudio,1359,31774,31773
4940,expect,14,316642,316641
4942,chcon,1,316845,316844
4943,audio-sync,14,326388,326387
4944,lincroft,1,316955,316954
4953,smartcard,13,319402,319401
4955,owncloud-client,7,320776,320775
4957,curlftpfs,5,320773,320772
4958,jar,41,320991,320990
4959,linaro,11,321163,321162
4960,get-iplayer,1,321410,321409
4961,cups-lpd,39,321612,321611
4962,lpd,5,321614,321613
4963,keryx,4,321610,321609
4964,rust,2,321794,321793
4972,uniq,5,323959,323958
4973,ubuntu-edge,17,323363,323362
4975,scite,2,323526,323525
4978,chromecast,13,324432,324431
498,gnu-r,2,568758,568757
4984,nexus-4,92,325053,325052
4985,xinetd,11,325331,325330
4989,tightvncserver,25,328254,328253
499,burning,173,192003,192002
4998,hardware-acceleration,64,330565,330564
50,gnome,5152,5023,5022
500,sony,207,77708,77707
5002,cloud-init,22,332191,332190
5003,keepassx,6,332194,332193
5007,openvas,1,332196,332195
5009,sputnik,3,332199,332198
501,vaio,292,70517,70516
5011,airplay,10,337498,337497
502,microphone,443,77901,77900
5022,edac,3,337481,337480
5023,oauth,8,\N,\N
5024,hardware-enablement-stack,40,337559,337558
5028,tor-browser,11,336969,336968
5035,grunt,6,\N,\N
504,pdf,704,48576,48575
5042,sqldeveloper,10,345762,345761
5046,everpad,13,345764,345763
505,emulation,102,206571,206570
5055,cobbler,7,345760,345759
5057,owncloud-server,42,345758,345757
5058,openerp,7,557234,557233
506,downloads,722,76244,76243
5060,window-placement,8,355135,355134
5061,synfig-studio,2,342206,342205
5062,connection-sharing,33,354167,354166
5063,memory-test,2,345754,345753
5065,asciidoc,3,\N,\N
5066,markdown,13,342762,342761
5069,vidalia,11,344134,344133
507,gamepad,103,\N,\N
5076,digital-dairy,1,343832,343831
5079,komodo-edit,3,345749,345748
508,zsh,113,35137,35136
5085,dracut,1,345137,345136
5089,redis,11,346002,346001
509,kernel,3484,4388,4387
5094,espeak,8,349561,349560
5095,libpcap,9,\N,\N
51,libnotify,36,\N,\N
5109,bitnami,6,355158,355157
5111,avidemux,8,355152,355151
5112,rotate,10,\N,\N
512,photoshop,81,121036,121035
5129,binutils,8,568768,568767
513,vps,134,177267,177266
5134,bfq,2,355156,355155
5135,bfs,1,355154,355153
5136,drivel,1,354528,354527
5137,mod-ssl,10,353825,353824
5138,tls,35,353614,353613
5141,click-packages,47,354196,354195
5144,crash,464,356142,356141
5149,gpodder,5,361858,361857
515,tmp,70,\N,\N
5156,objdump,2,361851,361850
5159,ps,40,361831,361830
516,plugins,423,77086,77085
5163,rockbox,3,360920,360919
5164,tilda,7,361825,361824
5169,case-insensitive,3,\N,\N
517,ide,175,76723,76722
5170,texlive,41,364784,364783
5172,xinit,7,371680,371679
5175,systemd-logind,16,650676,650675
5176,systemd,214,548495,548494
5179,apache2.4,72,365463,365462
5180,ntfs-3g,24,364209,364208
5182,stud,1,364207,364206
5183,rar,30,364205,364204
5184,rarcrack,2,364202,364201
519,office,43,\N,\N
5191,doc,8,364887,364886
5193,qdbus,5,\N,\N
5194,gpg,2,\N,\N
5197,ipython,38,367133,367132
5198,matplotlib,16,371651,371650
52,session,218,120236,120235
520,video-editor,131,76262,76261
5202,wps-office,12,367570,367569
5204,smartscopes,3,\N,\N
5205,icaclient,3,368132,368131
5207,dmcrypt,14,371662,371661
5208,essid,3,371667,371666
521,recordmydesktop,49,76649,76648
5210,gmusicbrowser,11,371669,371668
5211,b43,21,\N,\N
5219,adb,57,\N,\N
522,documentation,148,17454,17453
5221,tlp,24,386430,386429
5223,cat,44,374970,374969
5224,rev,1,374972,374971
5232,googledart,2,380250,380249
5233,x-forwarding,5,\N,\N
5239,google-hangouts,26,380248,380247
5242,ark,2,383069,383068
5243,aptoncd,6,380246,380245
5245,coreutils,20,385109,385108
5249,solaris,8,380729,380728
525,thinkpad,580,57687,57686
526,backlight,234,47455,47454
5261,xclip,9,384502,384501
527,keychain,11,\N,\N
5272,visual-artifacts,60,385789,385788
5276,traceroute,10,389010,389009
5278,freespeak,1,387469,387468
528,dlna,51,410445,410444
5291,less,17,388772,388771
53,wallpaper,455,17418,17417
530,laptop,1317,31559,31558
5300,software-installation,3816,390390,390389
5301,pipelight,51,390307,390306
5307,system-installation,4609,391634,391633
531,lenovo,1074,52237,52236
5314,banner,7,\N,\N
532,bluetooth,1370,51055,51054
5327,software-uninstall,107,401691,401690
533,ext4,401,41732,41731
5332,dansguardian,10,395352,395351
5341,last.fm-client,6,396229,396228
5342,time-command,1,396227,396226
536,design,60,114803,114802
5363,aptdaemon,3,\N,\N
538,networking,9490,31521,31520
5383,seamonkey,5,403487,403486
5386,overlayfs,9,\N,\N
5389,netflix-desktop,16,\N,\N
5397,wallch,12,\N,\N
54,artwork,7,\N,\N
540,steam,851,129528,129527
541,ifconfig,108,76575,76574
5410,android-studio,127,419846,419845
5413,valgrind,6,\N,\N
5419,gnome-screenshot,14,443522,443521
5423,xbindkeys,30,\N,\N
5426,scrot-command,9,474771,474770
543,gparted,934,48594,48593
5430,youtube-dl,65,473377,473376
544,resize,202,139761,139760
5440,xwinwrap,2,\N,\N
5445,update-notifier,2,\N,\N
5451,csh,8,475140,475139
5452,workrave,8,427471,427470
5455,gnome-calculator,4,\N,\N
5458,darktable,5,521245,521244
546,places,34,\N,\N
5461,terminal-server,14,\N,\N
5463,application-finder,7,\N,\N
5465,ltsp-client,14,\N,\N
547,automation,210,82677,82676
5476,flareget,4,\N,\N
5477,artillery,1,418879,418878
548,kvm,461,63317,63316
5483,lsb-release,17,\N,\N
5484,lynis,2,420328,420327
5488,torque,4,433181,433180
5491,kylin,22,433201,433200
5496,x2go,16,433208,433207
5497,x2goclient,2,433210,433209
5498,email-client,17,\N,\N
55,photography,22,\N,\N
5504,cursor-theme,14,\N,\N
5506,pstree,2,423690,423689
5509,watch-command,9,501016,501015
5513,uwsgi,7,\N,\N
5515,samba4,34,433714,433713
5518,chsh,4,\N,\N
552,i915,41,\N,\N
5522,hyper-v,60,425373,425372
5523,zentyal,9,438587,438586
5528,netcat,15,569114,569113
5529,splashtop,5,\N,\N
553,modem,203,77100,77099
5534,qmail,1,433707,433706
5543,monit,3,\N,\N
556,google-chrome,1686,5208,5207
5561,cluster,53,628425,628424
5563,smarty,1,432445,432444
5566,ddrescue,7,\N,\N
5579,ubuntu-builder,3,447761,447760
558,pxe,168,\N,\N
5592,cgminer,3,460126,460125
56,ldap,166,76727,76726
5601,phppgadmin,4,\N,\N
5606,debdelta,1,437378,437377
561,ms-exchange,43,410448,410447
5611,baloo,8,437898,437897
5612,apt-listchanges,2,437901,437900
5614,ncmpcpp,8,447249,447248
562,routing,149,\N,\N
5622,android-sdk,50,454701,454700
5629,14.04,19397,441545,441544
5632,refind,60,473025,473024
5634,display-resolution,409,444416,444415
5635,ibm-lotus-notes,4,\N,\N
564,smtp,86,76284,76283
5641,icc,8,\N,\N
5644,convert-command,8,\N,\N
5646,puppetmaster,3,\N,\N
5649,arista-transcoder,4,\N,\N
565,ssl,252,59752,59751
5650,vnstat,5,\N,\N
566,password,1457,51046,51045
5661,wifi-hardware-switch,53,447163,447162
5663,usb-installation,75,447234,447233
5664,cpu-architecture,16,451895,451894
567,remote-access,266,81512,81511
5672,tcpdump,12,448480,448479
5674,debuild,17,\N,\N
5675,freebasic,5,\N,\N
5680,ubuntu-drivers,115,449986,449985
5681,fcitx,17,\N,\N
5685,light-locker,12,\N,\N
5686,adt,11,\N,\N
5688,nvidia-settings,53,458605,458604
569,folder,67,81510,81509
5692,mail-notification,6,\N,\N
5693,mdm,5,\N,\N
5699,docker,120,487261,487260
57,nfs,326,57708,57707
570,style,23,\N,\N
571,disk,566,17462,17461
572,memory,132,176836,176835
5725,sh,50,\N,\N
5730,unity8,25,594624,594623
5734,menulibre,8,479544,479543
574,virtualization,886,33340,33339
5744,f2fs,7,458227,458226
5746,nvidia-prime,90,458404,458403
5747,vmware-player,108,486685,486684
5750,pip,107,461360,461359
5751,virtualgl,3,480560,480559
5752,primus,9,\N,\N
5753,nftables,1,479513,479512
576,openoffice.org,173,33377,33376
5762,microsoft-keyboard,3,\N,\N
5764,pagestack,2,\N,\N
5766,mv,58,479464,479463
5769,lxqt,6,466152,466151
5770,razorqt,1,479540,479539
5772,xnview,1,479518,479517
5776,whisker,8,\N,\N
578,gnome-panel,369,31543,31542
5781,ubuntu-gnome,259,466666,466665
5783,guvcview,6,475051,475050
5784,dput,3,468311,468310
5788,microsoft-mouse,4,\N,\N
5789,gnuplot,21,469170,469169
5796,stat,8,\N,\N
5798,gradle,14,483609,483608
5799,ubuntu-emulator,31,550293,550292
58,gui,875,33344,33343
580,conversion,132,74583,74582
5801,wxpython,4,479520,479519
581,9.04,51,48610,48609
5815,bkchem,1,479537,479536
5826,apache-ant,6,479533,479532
5827,phpbb,2,479480,479479
583,workspaces,533,59316,59315
5837,crebs,3,\N,\N
584,ipod,181,48606,48605
5841,compton,5,483832,483831
5846,ppc64le,11,480950,480949
585,rhythmbox,564,17460,17459
5853,at-command,4,482983,482982
5855,v4l,8,483185,483184
5858,odt,1,482279,482278
5859,adobe-kuler,1,483164,483163
5863,proftpd,15,482966,482965
5865,keyboard-backlight,23,\N,\N
5866,bash-history,28,483826,483825
587,fsck,162,76731,76730
5871,pdfgrep,5,\N,\N
5877,vmware-workstation,85,486644,486643
5878,vmware-tools,28,486709,486708
5879,qmake,8,\N,\N
5881,vmware-view,1,487018,487017
5890,unity-control-center,9,\N,\N
5896,boot-to-ram,7,491802,491801
59,indicator,994,12538,12537
5901,webbrowser-app,13,\N,\N
5903,midnight-commander,9,568791,568790
5908,apple-keyboard,2,\N,\N
5913,intel-cpu,12,510770,510769
5918,davfs2,6,\N,\N
592,commercial,30,390553,390552
5923,autoconf,13,\N,\N
5924,sqlite3,15,\N,\N
5927,viber,33,\N,\N
5928,javafx,9,\N,\N
5929,symbian,1,510776,510775
593,nano,77,73551,73550
5930,slowmovideo,8,500682,500681
5939,file-sorting,9,\N,\N
594,syntax-highlighting,33,189182,189181
5943,locally-integrated-menus,4,\N,\N
5945,grails,5,\N,\N
5948,zendframework,3,\N,\N
595,c#,38,76501,76500
5950,bluetooth-speaker,26,\N,\N
5956,backintime,14,\N,\N
597,kmail,29,123432,123431
5972,top-bar,8,\N,\N
5974,background-process,15,\N,\N
5976,unity-launcher,33,\N,\N
5977,cpulimit,2,\N,\N
598,unprivileged,8,\N,\N
5983,groups,55,\N,\N
5993,wodim,1,718789,718788
5994,mkdir,14,533769,533768
5995,coreboot,2,\N,\N
5999,mesh,5,533767,533766
6,upgrade,4369,31700,31699
60,clock,107,390283,390282
6000,recording,19,\N,\N
6002,rtsp,4,533765,533764
6003,jshint,3,533825,533824
6004,micro-sd,15,533780,533779
6007,unity-web-player,6,\N,\N
6008,wildcards,12,533760,533759
601,setup,52,\N,\N
6010,graphite,9,533762,533761
6012,theoretical,1,521781,521780
6013,audio-recording,28,\N,\N
6014,vifm,3,533830,533829
6015,emmc,11,\N,\N
6017,iotop,2,533822,533821
6018,xfdesktop,2,533827,533826
6019,photorec,18,533755,533754
6020,responsiveness,9,\N,\N
6022,writer,2,528329,528328
6024,badblocks,19,539249,539248
6028,munin,6,718845,718844
6029,dual-monitor,59,533817,533816
603,internet,1702,31753,31752
6030,smbus,5,533574,533573
6031,unclaimed,7,\N,\N
6037,netstat,17,526681,526680
6038,mailman,4,533611,533610
6040,coding-practice,8,\N,\N
6049,compose-key,9,\N,\N
605,ati,2659,31553,31552
6050,14.10,1390,540453,540452
6053,ada,1,533603,533602
6055,viewports,7,\N,\N
6056,shellshock,8,533740,533739
6057,vulnerability,9,\N,\N
6058,ssmtp,8,533734,533733
6063,cmus,5,533601,533600
6064,gnome-color-manager,9,533599,533598
6065,echo,16,533549,533548
6066,reinstall,59,703557,703556
6068,radius,7,580150,580149
6069,openrc,2,533652,533651
607,dns,891,32930,32929
6070,single-user,6,\N,\N
6073,yoga-2,14,\N,\N
6075,ebtables,3,534744,534743
6077,governor,5,\N,\N
6078,12.04.5,3,571474,571473
608,websites,114,379861,379860
6083,plexmediaserver,14,\N,\N
6084,ux,5,\N,\N
6089,desktop-directories,6,538562,538561
609,hosting,44,\N,\N
6092,whatsapp,12,\N,\N
6093,who,6,539314,539313
6096,kontact,4,719210,719209
61,empathy,365,28821,28820
610,conky,192,51066,51065
6106,df,12,\N,\N
6107,tkinter,7,543993,543992
6112,qupzilla,2,545087,545086
6114,mega,8,545466,545465
6117,mousepad,17,546253,546252
6119,httrack,3,718868,718867
6125,php5-fpm,20,\N,\N
6127,rpc,4,548718,548717
6128,ns2,18,548737,548736
6129,inputrc,3,\N,\N
6130,readline,2,\N,\N
6134,xeon-phi,2,\N,\N
6136,tox,11,\N,\N
6138,openstack-autopilot,153,553233,553232
614,qemu,138,138176,138175
6141,image-viewer,13,\N,\N
6145,pcsx2,6,555682,555681
6148,interrupts,8,\N,\N
6162,nut,3,564952,564951
6163,motherboard,22,\N,\N
6164,pymol,5,624344,624343
6168,free-software,3,564988,564987
6170,libpurple,7,565313,565312
6176,kodi,47,566637,566636
6178,erlang,4,718841,718840
6179,instagram,2,\N,\N
6180,kde-connect,2,\N,\N
6181,mms,6,\N,\N
6182,continuous-deployment,5,\N,\N
6184,kde5,61,\N,\N
6188,gnuradio,15,\N,\N
6189,cubieboard,2,569172,569171
619,scheduled,36,\N,\N
6193,dnscrypt-proxy,8,\N,\N
6195,amavisd-new,4,703793,703792
62,startup,1030,17439,17438
6200,intl,2,574042,574041
6201,plasma-5,63,\N,\N
6205,blueman,16,\N,\N
6210,roundcube,7,\N,\N
6212,mmc,5,\N,\N
6213,xprop,3,\N,\N
6219,pinta,4,\N,\N
622,unicode,109,189171,189170
6223,cddb,3,718828,718827
6225,arp,10,\N,\N
6227,numpy,19,\N,\N
6228,dual-graphics,4,\N,\N
6229,phone-faq,1,661304,661303
623,files,1440,59308,59307
6232,15.04,3008,610325,610324
6234,orange-box,3,584674,584673
624,ntp,93,51064,51063
6243,conda,7,\N,\N
6245,chgrp,3,\N,\N
625,dolphin,119,71603,71602
6251,xilinx,5,\N,\N
6252,shareit,1,593859,593858
6253,theme-development,3,\N,\N
6255,xorg-edgers,6,\N,\N
6258,f.lux,7,\N,\N
6259,borders,4,\N,\N
626,tunnel,67,\N,\N
6263,aview,2,600414,600413
6265,exif,5,606669,606668
6266,tr,4,\N,\N
6267,secure-erase,8,\N,\N
6268,scikit-learn,4,\N,\N
6269,gnutls,7,\N,\N
6270,sbuild,4,\N,\N
6272,etherape,2,600386,600385
6273,haproxy,7,601335,601334
6276,subnet,4,\N,\N
628,flv,14,123781,123780
6280,column,2,\N,\N
6281,du,6,\N,\N
6282,cut-command,5,604344,604343
6285,crouton,30,737284,737283
6286,gnome-session-fallback,9,\N,\N
6288,reverse-proxy,2,606674,606673
629,tty,298,81742,81741
6290,chkrootkit,9,\N,\N
6291,trojan,5,604958,604957
6292,ossec,7,\N,\N
6293,redshift,9,\N,\N
6295,flashtool,2,\N,\N
6296,xperia,3,\N,\N
6298,usb-device,6,\N,\N
6299,gambas3,3,\N,\N
63,8.04,59,49333,49332
6303,data-corruption,22,\N,\N
6309,kali,44,626661,626660
631,google-talk,50,73266,73265
6311,hacking,21,\N,\N
6312,mupdf,2,718807,718806
6313,two-factor-authentication,4,\N,\N
6315,kivy,6,719279,719278
6316,pyqt5,6,\N,\N
6318,home-automation,4,609735,609734
6319,doubleclick,7,\N,\N
632,java,1966,31766,31765
6322,sysfs,5,\N,\N
6324,multisystem,2,627410,627409
6325,makerware,2,615375,615374
6326,rtc,8,615377,615376
6327,telegram,30,615281,615280
6328,desktop-apps,12,612923,612922
633,microsoft,81,76272,76271
6330,bq,62,615277,615276
6334,aquaris,63,615367,615366
6335,parted,9,614127,614126
6336,easycap,4,615364,615363
6337,shebang,4,615275,615274
6339,powerpost,1,615267,615266
634,msn,15,448490,448489
6341,yenc,1,615272,615271
6342,zabbix,2,629909,629908
6346,core-apps,4,618050,618049
6349,htmldoc,2,\N,\N
635,instant-messaging,69,80742,80741
6350,wkhtmltopdf,5,623268,623267
636,lid,41,\N,\N
637,events,47,633273,633272
641,graphics,3012,31726,31725
642,policykit,74,301761,301760
643,mplayer,138,76601,76600
644,xinerama,37,123535,123534
646,byobu,143,76497,76496
647,gnu-screen,52,57489,57488
648,ssh-agent,40,\N,\N
65,vim,455,12201,12200
650,avahi,56,57287,57286
652,inspiron,255,139704,139703
653,fluxbox,40,76552,76551
654,xbmc,170,76265,76264
655,kindle,39,65860,65859
657,evernote,35,127038,127037
658,svg,36,76670,76669
659,source-code,159,185087,185086
66,colors,293,390551,390550
664,pbuilder,21,107351,107350
666,terminology,25,83354,83353
667,tmpfs,48,\N,\N
669,amazon-mp3-downloader,6,\N,\N
67,sync,692,31744,31743
672,locoteams,15,57281,57280
675,shortcuts,500,74498,74497
676,webcam,658,33354,33353
679,raid,856,59322,59321
68,configuration,978,31526,31525
680,facebook,165,76534,76533
681,photo-management,90,\N,\N
682,ps3,51,120161,120160
684,lock-screen,412,72709,72708
685,preferences,55,\N,\N
686,launcher,1664,43149,43148
687,rpm,52,76654,76653
688,devices,188,\N,\N
69,user-data,24,\N,\N
690,bazaar,109,23815,23814
691,jack,120,27197,27196
692,intranet,15,\N,\N
694,alias,170,313817,313816
695,skype,952,19368,19367
696,pidgin,208,57717,57716
699,gmplayer,4,76805,76804
7,live-cd,633,33366,33365
70,multiple-workstations,16,\N,\N
700,contacts,132,139755,139754
701,boxee,9,94646,94645
702,remote,266,34665,34664
704,error-handling,222,620475,620474
705,regex,144,180118,180117
707,32-bit,600,59616,59615
708,awesome,89,114046,114045
71,kde,1313,33088,33087
712,vlc,824,53503,53502
713,kubuntu-netbook,13,\N,\N
714,vala,19,76690,76689
715,virtualhost,124,\N,\N
716,pppoe,58,448259,448258
717,oem,41,305662,305661
718,hidden-files,83,447831,447830
72,package-management,4220,31513,31512
720,blacklist,46,447840,447839
721,ghostscript,21,395326,395325
722,screensaver,250,75620,75619
724,dell-mini-9,8,\N,\N
725,convert,140,447793,447792
726,file-format,168,141287,141286
728,proprietary,129,76194,76193
729,deadlock,4,390574,390573
730,ubuntu-netbook,365,7396,7395
732,chromium,808,17406,17405
733,dropbox,380,57711,57710
735,localrepository,37,\N,\N
7352,ultra-hd,1,623266,623265
7355,lvmcache,3,623262,623261
7357,dockstation,5,623257,623256
7359,pdftk,2,623253,623252
7360,lanschool,1,623250,623249
7362,qgis,6,623248,623247
7365,festival,4,623246,623245
7366,ap-hotspot,21,623243,623242
7367,azure,12,622856,622855
7368,bison,2,623241,623240
737,lyx,23,85920,85919
7370,cmatrix,2,\N,\N
7371,nmcli,7,\N,\N
7372,more,3,627396,627395
7373,pager,3,\N,\N
7374,metasploit,7,\N,\N
7375,ruby-on-rails,27,629906,629905
7376,4k-monitor,19,703789,703788
7377,openbabel,1,624315,624314
7379,vmd,1,624356,624355
738,ifolder,2,\N,\N
7380,nis,5,\N,\N
7381,automake,2,629901,629900
7383,russian,3,\N,\N
7388,focaltech,13,628894,628893
7389,zotero,7,626938,626937
7390,rdio,1,629899,629898
7391,efibootmgr,6,629897,629896
7396,foreman,3,629894,629893
7398,burner,2,\N,\N
7399,moinmoin,1,628394,628393
74,aptitude,276,49329,49328
740,pinning,25,57618,57617
7400,povray,4,628519,628518
7401,ispell,1,629891,629890
7403,ballview,1,629434,629433
7404,daily-build,6,\N,\N
7405,krita,7,629889,629888
7406,murmur,1,629887,629886
7407,self-signed,2,\N,\N
7408,d-link,7,629882,629881
7409,mediatek,10,629884,629883
7410,monitor-calibration,1,629879,629878
7411,runit,7,\N,\N
7413,ksh,2,\N,\N
7415,realtek-wireless,98,655040,655039
7416,sha256,3,\N,\N
7418,genymotion,14,713975,713974
742,freenx,34,76554,76553
7420,cmd,2,\N,\N
7421,webp,6,633260,633259
7422,digitalpen,3,\N,\N
7423,smart-tv,3,\N,\N
7424,tv-os,1,718776,718775
7425,hwe,8,\N,\N
7426,minicom,3,719206,719205
7427,loop-device,7,\N,\N
7435,qt4,2,\N,\N
744,neatx,4,\N,\N
7440,obs-studio,4,\N,\N
7441,shadow,5,\N,\N
7442,intel-nuc,30,\N,\N
7445,scsi,5,\N,\N
7447,text-user-interface,3,642060,642059
7448,btsync,4,\N,\N
745,intel-graphics,1117,33094,33093
7450,porting-ubuntu-touch,11,\N,\N
7456,amixer,4,703795,703794
7457,xdmx,2,\N,\N
746,tearing,81,469657,469656
7460,monochrome,2,\N,\N
7463,ocs-inventory-ng,2,\N,\N
7465,copy,51,\N,\N
7466,websocket,4,\N,\N
7467,meizu-mx4,48,645275,645274
7468,posix-compliant,2,\N,\N
747,cube,29,120459,120458
7474,lxd,16,\N,\N
7475,scrypt,1,719290,719289
7477,computestick,2,\N,\N
7478,charging,6,\N,\N
7479,tcp-ip,7,718843,718842
7480,openconnect,7,\N,\N
7489,atom,18,650318,650317
749,proxy,771,59314,59313
7492,meep,2,650843,650842
7494,colemak,3,\N,\N
7495,mame,6,718874,718873
7496,windows-10,350,652173,652172
7497,ocelot,1,652183,652182
7498,xsel,2,718819,718818
7499,systemback,3,\N,\N
75,synaptic,351,36134,36133
7500,ifs,1,719199,719198
7502,numix,13,\N,\N
7503,static-linking,2,\N,\N
7505,usbview,1,718860,718859
7506,cowbuilder,2,\N,\N
7507,scapy,1,655275,655274
7508,office365,4,\N,\N
751,brightness,961,48601,48600
7510,foomatic,2,718815,718814
7513,dahdi,1,719274,719273
7518,assembler,5,\N,\N
7519,grub4dos,3,660233,660232
752,monitoring,145,237256,237255
7520,mendeley,2,\N,\N
7521,fps,6,\N,\N
7522,last-command,4,\N,\N
7523,pyreverse,1,\N,\N
7524,yubikey,3,\N,\N
7526,tpm,10,661789,661788
7527,moksha,1,662483,662482
7528,emoji,4,718802,718801
7529,parcellite,1,\N,\N
753,search,368,99708,99707
7530,motion,5,\N,\N
7532,tui,3,663531,663530
7533,lisp,4,\N,\N
7534,mouse-pointer,10,\N,\N
7538,dns-server,1,\N,\N
754,duplicate-files,36,\N,\N
7542,15.10,1763,675545,675544
7543,memory-card,2,\N,\N
7544,storage-card,1,\N,\N
7545,slime,2,\N,\N
7546,virtual-assistant,1,\N,\N
7547,avprobe,1,665268,665267
7548,exiftool,3,665265,665264
7549,changelog,2,665355,665354
755,keepass,37,281197,281196
7551,ctags,1,\N,\N
7553,xargs,8,\N,\N
7555,kompozer,1,718804,718803
7556,bluegriffon,1,718796,718795
7558,nvidia-geforce,21,682626,682625
7559,gpu-drivers,19,\N,\N
7560,bonjour,1,682636,682635
7561,locked-screen,4,\N,\N
7562,scheme,3,\N,\N
7564,sbcl,1,\N,\N
7565,wc,6,\N,\N
7566,neo4j,4,\N,\N
7567,gnucash,2,682634,682633
7568,tuxpaint,1,682631,682630
7569,idle-python,28,672523,672522
757,phone,387,390250,390249
7571,dashboard,1,\N,\N
7575,ubuntu-make,5,682572,682571
7576,iperf,1,673468,673467
7577,rclone,1,673487,673486
758,smartphone,89,130617,130616
7580,urban-terror,6,673786,673785
7581,arb,1,\N,\N
7582,libflint,1,\N,\N
7583,hunspell,1,674341,674340
7584,pycharm,8,674345,674344
7586,spamassassin,3,\N,\N
7587,pelican,1,682629,682628
759,autostart,268,93071,93070
7592,hive,2,\N,\N
7593,beeline,1,\N,\N
7594,tripwire,2,\N,\N
7598,profile,2,\N,\N
7599,here-maps,1,\N,\N
76,gmail,182,74581,74580
760,twitter,56,76770,76769
7600,rpy2,1,\N,\N
7602,clamtk,7,683099,683098
7604,livestreamer,2,\N,\N
7605,mssql,3,693399,693398
7606,droidcam,1,718863,718862
7607,hdparm,4,\N,\N
7608,grsync,1,737223,737222
7609,mugshot,1,702781,702780
761,client,96,390545,390544
7610,dmidecode,3,\N,\N
7614,strace,1,703462,703461
7615,screen-reader,1,703460,703459
7616,cowsay,1,703458,703457
7617,snapcraft,12,688005,688004
7619,chrubuntu,16,690224,690223
7622,pcsx,1,703306,703305
7625,nexus-5x,3,703303,703302
7626,ascii-art,2,702779,702778
7627,ash,3,\N,\N
7636,rtl8192cu,3,703299,703298
7637,geolocation,3,703296,703295
7638,additional-drivers,17,709892,709891
7639,xorg.conf,5,696022,696021
764,fingerprint-reader,71,120805,120804
7641,ubuntu-mate,45,697144,697143
7642,fabric,1,703293,703292
7643,sddm,3,697531,697530
7644,v-ram,2,703291,703290
7645,subliminal,1,703174,703173
765,wacom,233,57720,57719
7650,uid,5,699968,699967
7651,fatrat,2,703178,703177
7652,qtox,5,703172,703171
7654,16.04,47,700911,700910
7655,winusb,4,703286,703285
7659,splunk,1,\N,\N
766,bamboo,35,121040,121039
7660,m2,1,702798,702797
7661,nvme,4,703170,703169
7662,foxitreader,2,703167,703166
7663,gdisk,4,703563,703562
7664,window-control,3,703630,703629
7665,intel-atom,7,703970,703969
7666,portscan,2,705928,705927
7667,ipv4,10,705931,705930
7669,xbox-one,3,705936,705935
767,maintenance,28,\N,\N
7670,mdns,2,706276,706275
7671,php7,9,706278,706277
7675,production,1,706826,706825
7676,gtkinspector,1,706829,706828
7678,firewalld,1,708040,708039
7681,odbc,6,710033,710032
7682,r8169,1,709888,709887
7683,heimdall,1,710030,710029
7684,cyanogenmod,2,709874,709873
7686,cloudera-manager,1,711559,711558
7688,fft,1,711567,711566
7689,gxscc,1,712247,712246
769,rm,124,120465,120464
7690,simplescan,3,712250,712249
7692,bluez,11,713268,713267
7697,shumway,1,713792,713791
770,vino,42,76693,76692
7702,inxi,1,\N,\N
7704,poppler,2,\N,\N
7706,bomi,1,719238,719237
7707,history-of-ubuntu,20,715552,715551
7708,gnome-builder,1,\N,\N
7709,airmon-ng,1,\N,\N
771,tethering,65,23359,23358
7712,toxic,2,\N,\N
7714,usb-c,1,\N,\N
7716,scsh,1,\N,\N
7717,custom-fonts,1,\N,\N
772,hostname,132,642012,642011
7720,plover,1,\N,\N
7723,skype-for-business,1,\N,\N
7726,notepadqq,1,\N,\N
7727,purple-facebook,1,\N,\N
7731,dia,1,\N,\N
7733,directory-structure,3,\N,\N
7734,fhs,2,\N,\N
7735,mp3wrap,1,\N,\N
7736,packetfence,1,\N,\N
7737,gnome-software,3,\N,\N
7739,ubuntu-store,3,\N,\N
7740,varnish,3,\N,\N
7741,mythweb,1,\N,\N
7745,omegat,1,\N,\N
7747,tomoyo,1,\N,\N
7748,akari,1,\N,\N
7749,neovim,1,\N,\N
775,lirc,48,130304,130303
7751,nethogs,1,\N,\N
7752,unclutter,1,\N,\N
7760,display-rotation,1,\N,\N
7761,ota-9,3,\N,\N
7764,isolinux,3,\N,\N
7766,lives,1,\N,\N
7772,font-converter,1,733212,733211
7773,kolourpaint,1,\N,\N
7774,shiny-server,1,\N,\N
7775,hexchat,1,\N,\N
7779,bidi,1,\N,\N
7780,vulkan,2,737048,737047
7783,update-history,1,\N,\N
7784,msftdata,1,\N,\N
7786,kde-activities,1,\N,\N
7787,rtl8723be,2,\N,\N
7788,mathematica,1,\N,\N
7792,usb-dac,1,\N,\N
78,compatibility,261,139849,139848
780,camera,162,76162,76161
781,internationalization,82,53958,53957
782,tether,8,\N,\N
783,css,48,76516,76515
785,inkscape,91,12884,12883
786,automount,428,48588,48587
787,mime-type,103,448031,448030
788,terminator,91,193401,193400
789,dhcpd,42,314135,314134
791,capslock,63,284466,284465
792,virtual-console,63,63865,63864
793,ffmpeg,334,76538,76537
794,guest-os,18,\N,\N
797,11.10,5200,52164,52163
799,console,215,58170,58169
8,server,7110,31533,31532
80,permissions,3180,32701,32700
800,prompt,78,\N,\N
801,translation,75,\N,\N
802,blender,109,76150,76149
803,add-apt-repository,78,59650,59649
804,malware,216,129912,129911
805,stream,50,\N,\N
806,sshfs,83,123735,123734
807,gnome-do,47,76566,76565
81,mac,828,17470,17469
810,appmenu,235,68182,68181
811,opera,98,77113,77112
812,widgets,67,26065,26064
813,process-priority,27,\N,\N
814,realtime,39,\N,\N
815,clipboard,256,191287,191286
816,emblem,14,\N,\N
817,git,357,52359,52358
818,tomboy,91,28818,28817
819,overheating,416,77362,77361
82,live-usb,1436,38266,38265
820,upstream,17,23974,23973
824,nautilus-elementary,50,43817,43816
825,fluendo,9,\N,\N
826,medibuntu,19,129623,129622
827,file-properties,28,\N,\N
828,document-management,18,\N,\N
83,multimedia,205,82673,82672
830,trackpad,179,81524,81523
831,html,111,76735,76734
832,docky,137,57691,57690
833,nouveau,185,146208,146207
834,ecryptfs,299,76720,76719
835,gcc,509,72717,72716
836,arm,189,123660,123659
837,viruses,42,77123,77122
838,optimization,41,638246,638245
846,printing,1780,48134,48133
848,gnomevfs,2,\N,\N
850,paths,199,390258,390257
851,fglrx,626,48608,48607
852,taskbar,133,136372,136371
853,xfce-panel,82,180743,180742
854,login,2182,45192,45191
855,users,910,59326,59325
856,scanning,75,\N,\N
858,mode,31,\N,\N
859,ext3,46,314128,314127
861,spell-checking,58,191071,191070
862,numlock,49,\N,\N
863,debugging,153,85890,85889
865,xps,143,78151,78150
866,transparency,95,81537,81536
868,dhclient,33,\N,\N
869,bandwidth,67,119925,119924
87,sound,4244,31519,31518
870,limit,40,\N,\N
871,transcode,23,135261,135260
872,dhcp,477,76519,76518
877,bug-reporting,346,48599,48598
878,mediaserver,68,\N,\N
88,equalizer,17,\N,\N
882,cifs,180,121052,121051
883,8.10,24,57665,57664
884,compression,134,94525,94524
885,cache,175,81620,81619
889,novell-netware,6,\N,\N
891,cd-drive,94,284415,284414
892,audacious,33,76482,76481
893,gvfs,104,90855,90854
894,gconf,115,76717,76716
896,oneconf,8,81953,81952
897,ralink,173,79506,79505
898,telepathy,19,\N,\N
9,ssh,2500,31545,31544
90,rvm,76,130613,130612
900,iso,660,57669,57668
901,visio,5,\N,\N
902,remote-control,57,\N,\N
903,dell,1493,33375,33374
905,xchat,25,71270,71269
906,monitor,613,60033,60032
907,window,476,139681,139680
908,dialog,72,275943,275942
91,ruby,347,76715,76714
910,statusbar,17,151110,151109
911,broadcom,1004,44779,44778
912,burg,116,57697,57696
914,animations,73,\N,\N
918,trash,183,46639,46638
919,clone,134,390543,390542
920,headset,109,123508,123507
924,rdiff-backup,11,\N,\N
925,rsnapshot,22,\N,\N
926,rsync,329,81528,81527
927,shared,55,\N,\N
928,directory,971,81744,81743
929,eject,41,129472,129471
93,uninstall,1464,48578,48577
930,11.04,2939,24662,24661
931,acer,601,52130,52129
932,aspire-one,68,123658,123657
933,file-roller,27,76542,76541
934,aspire,118,130715,130714
936,high-availability,8,\N,\N
937,failover,15,\N,\N
938,database,175,85887,85886
939,version-control,37,146224,146223
94,haskell,40,302714,302713
942,power-management,1272,33368,33367
944,resolv.conf,100,76651,76650
947,office-communicator,4,\N,\N
948,postgresql,267,76746,76745
949,hosts,105,48974,48973
950,localhost,177,390233,390232
951,xmodmap,146,182759,182758
952,process,406,78985,78984
953,macbook,576,26241,26240
954,swf,15,76817,76816
955,modem-manager,52,\N,\N
956,productivity,31,\N,\N
957,synaptics,288,70512,70511
959,realtek,410,120542,120541
960,libreoffice,1138,32091,32090
962,amarok,43,73306,73305
963,pitivi,22,76611,76610
965,truecrypt,98,76680,76679
967,certification,14,77582,77581
968,training,9,\N,\N
969,preseed,157,141788,141787
97,headphones,389,76251,76250
970,file-association,65,55667,55666
972,bootloader,684,73209,73208
973,dell-studio-xps-16,10,\N,\N
974,cardapio,4,170474,170473
975,modules,58,\N,\N
976,hdmi,807,57706,57705
977,naming-conventions,17,\N,\N
978,rails,118,76738,76737
98,speakers,199,423233,423232
980,backport,76,52920,52919
983,indexing,28,\N,\N
984,metadata,85,\N,\N
985,ath5k,13,260878,260877
986,windows-xp,406,62866,62865
991,magic-trackpad,18,448510,448509
997,repair,96,\N,\N
998,netflix,118,120052,120051
999,moonlight,51,83023,83022
