100186
100186
100693
100693
100945
100945
101028
101028
101162
101162
101207
101207
101822
101822
101847
101847
101858
101858
10232
10232
102924
102924
102988
102988
103137
103137
103220
103220
103228
103228
103249
103249
103623
103623
103953
103953
104162
104162
104493
104493
104542
104542
104595
104595
10465
10465
104782
104782
105067
105067
105261
105261
10531
10531
105400
105400
10548
10548
105751
105751
10597
10597
106039
106039
106213
106213
106290
106290
107013
107013
107228
107228
107400
107400
107701
107701
108442
108442
10881
10881
108925
108925
109070
109070
109120
109120
109208
109208
109268
109268
109278
109278
109321
109321
109343
109343
109548
109548
109635
109635
109899
109899
110000
110000
110378
110378
110477
110477
110814
110814
110984
110984
111085
111085
111295
111295
111597
111597
111827
111827
111854
111854
112069
112069
112206
112206
112235
112235
112302
112302
112434
112434
112613
112613
112684
112684
112705
112705
112850
112850
11319
11319
113302
113302
113392
113392
113960
113960
114349
114349
11460
11460
11470
11470
11503
11503
115358
115358
115369
115369
115432
115432
115587
115587
115661
115661
115735
115735
115762
115762
115868
115868
116254
116254
116996
116996
117291
117291
11746
11746
1175
1175
117525
117525
117602
117602
117842
117842
117857
117857
11789
11789
118332
118332
118520
118520
118749
118749
119080
119080
119185
119185
119195
119195
119578
119578
119700
119700
11989
11989
120043
120043
12021
12021
120295
120295
120621
120621
120628
120628
120751
120751
120876
120876
121241
121241
12129
12129
121355
121355
12177
12177
122113
122113
122133
122133
122272
122272
122304
122304
122330
122330
122357
122357
122410
122410
12249
12249
122636
122636
122760
122760
122909
122909
123234
123234
123308
123308
12336
12336
123419
123419
123546
123546
12372
12372
123879
123879
123948
123948
124108
124108
124111
124111
12435
12435
124399
124399
124631
124631
124651
124651
124692
124692
124773
124773
125111
125111
125154
125154
125245
125245
12532
12532
125526
125526
125531
125531
125537
125537
125558
125558
125612
125612
125679
125679
125751
125751
12578
12578
125843
125843
125844
125844
125947
125947
125980
125980
126065
126065
126153
126153
126198
126198
126227
126227
126229
126229
12623
12623
126286
126286
126467
126467
126766
126766
126857
126857
126886
126886
12690
12690
126909
126909
127064
127064
127118
127118
127130
127130
127162
127162
127180
127180
127240
127240
127256
127256
1273
1273
127326
127326
127355
127355
127405
127405
1276
1276
127633
127633
12764
12764
127678
127678
127704
127704
127777
127777
127853
127853
127884
127884
127923
127923
127950
127950
127977
127977
128113
128113
128138
128138
128249
128249
128463
128463
128481
128481
128657
128657
128781
128781
128997
128997
129058
129058
129246
129246
129321
129321
129569
129569
129604
129604
129755
129755
129784
129784
130098
130098
13029
13029
130393
130393
13077
13077
130789
130789
131100
131100
131351
131351
13142
13142
131524
131524
131546
131546
131562
131562
131601
131601
131624
131624
131919
131919
131982
131982
132094
132094
132107
132107
132143
132143
132144
132144
132209
132209
132317
132317
132419
132419
1326
1326
13265
13265
13266
13266
132786
132786
132799
132799
132837
132837
132894
132894
13298
13298
133030
133030
133179
133179
133287
133287
133343
133343
13351
13351
133533
133533
133575
133575
133671
133671
133903
133903
134017
134017
134342
134342
13464
13464
134777
134777
134794
134794
13487
13487
134899
134899
135113
135113
135135
135135
1352
1352
13521
13521
135364
135364
135483
135483
135602
135602
13575
13575
135778
135778
135818
135818
135824
135824
136194
136194
136202
136202
136348
136348
136394
136394
136810
136810
136822
136822
136881
136881
136925
136925
137251
137251
137325
137325
137491
137491
137724
137724
13776
13776
138032
138032
138098
138098
138125
138125
138148
138148
138250
138250
13843
13843
138908
138908
139036
139036
139150
139150
139279
139279
139528
139528
139810
139810
139947
139947
140080
140080
140311
140311
140663
140663
141013
141013
141075
141075
141106
141106
141370
141370
141564
141564
141606
141606
141665
141665
141802
141802
141832
141832
141834
141834
141866
141866
141940
141940
142043
142043
142054
142054
142159
142159
142177
142177
142300
142300
142442
142442
142508
142508
142728
142728
14280
14280
142856
142856
142962
142962
143055
143055
143221
143221
143350
143350
143396
143396
1437
1437
143720
143720
143791
143791
143819
143819
143838
143838
144205
144205
144433
144433
144456
144456
144526
144526
144668
144668
144768
144768
144783
144783
144895
144895
144938
144938
145071
145071
145530
145530
145812
145812
145935
145935
146088
146088
146127
146127
146137
146137
146150
146150
146162
146162
146245
146245
1463
1463
14673
14673
146748
146748
146798
146798
14686
14686
147321
147321
147339
147339
147491
147491
147503
147503
147682
147682
147800
147800
148159
148159
148321
148321
148327
148327
148383
148383
148391
148391
148554
148554
148715
148715
148869
148869
148881
148881
148884
148884
148971
148971
148975
148975
149054
149054
149154
149154
149206
149206
149214
149214
149298
149298
149707
149707
149819
149819
150185
150185
150212
150212
150425
150425
150789
150789
15093
15093
151185
151185
151201
151201
151213
151213
15169
15169
151870
151870
151941
151941
152102
152102
152157
152157
152192
152192
152297
152297
152326
152326
152440
152440
152547
152547
152707
152707
153171
153171
153191
153191
153384
153384
153442
153442
153602
153602
153831
153831
153833
153833
1540
1540
154020
154020
154072
154072
154151
154151
15419
15419
15426
15426
154299
154299
15433
15433
154699
154699
154948
154948
154957
154957
154993
154993
155163
155163
15526
15526
155319
155319
15551
15551
155733
155733
15580
15580
155852
155852
155879
155879
156296
156296
156580
156580
156650
156650
156708
156708
156910
156910
156942
156942
156998
156998
157154
157154
157723
157723
157917
157917
158222
158222
158486
158486
158957
158957
159039
159039
15922
15922
159287
159287
159438
159438
159645
159645
15971
15971
159854
159854
159863
159863
160286
160286
161151
161151
161864
161864
162075
162075
16211
16211
162129
162129
162267
162267
162317
162317
162612
162612
162728
162728
16277
16277
162782
162782
16329
16329
163450
163450
163741
163741
163755
163755
164009
164009
164010
164010
164026
164026
164056
164056
16433
16433
164362
164362
164473
164473
1647
1647
164894
164894
164926
164926
165210
165210
165255
165255
165425
165425
165544
165544
165620
165620
165676
165676
166224
166224
166519
166519
166875
166875
167274
167274
167343
167343
16736
16736
16755
16755
167573
167573
167647
167647
167784
167784
167840
167840
168089
168089
168191
168191
168879
168879
169015
169015
169072
169072
169225
169225
16932
16932
16935
16935
169376
169376
169516
169516
169976
169976
170076
170076
1705
1705
17056
17056
17071
17071
171138
171138
171348
171348
1718
1718
171991
171991
172629
172629
17281
17281
172972
172972
1732
1732
173527
173527
17369
17369
173958
173958
174195
174195
17428
17428
174292
174292
174811
174811
174872
174872
174898
174898
17496
17496
175453
175453
176871
176871
17702
17702
177058
177058
177167
177167
17791
17791
177921
177921
178410
178410
178447
178447
178793
178793
179215
179215
179703
179703
179800
179800
17993
17993
1801
1801
180402
180402
18047
18047
180876
180876
18108
18108
18121
18121
181264
181264
181274
181274
181742
181742
18229
18229
18236
18236
182416
182416
182439
182439
182700
182700
183284
183284
183337
183337
18345
18345
183765
183765
183788
183788
184574
184574
18547
18547
185490
185490
185543
185543
185724
185724
185895
185895
1861
1861
18641
18641
186761
186761
186822
186822
18706
18706
18723
18723
18747
18747
187888
187888
18802
18802
18889
18889
18926
18926
189316
189316
189475
189475
1895
1895
189591
189591
18982
18982
189822
189822
190483
190483
190529
190529
190612
190612
190820
190820
190828
190828
19107
19107
191166
191166
191589
191589
19162
19162
191686
191686
191942
191942
19230
19230
192621
192621
192654
192654
193069
193069
193575
193575
1938
1938
193930
193930
194074
194074
194139
194139
194933
194933
194952
194952
195107
195107
195148
195148
195297
195297
195449
195449
195988
195988
196017
196017
196125
196125
196180
196180
19640
19640
1966
1966
196714
196714
196768
196768
197161
197161
197336
197336
197409
197409
197564
197564
198014
198014
198129
198129
1982
1982
198363
198363
198682
198682
198946
198946
19898
19898
19973
19973
200753
200753
200911
200911
201775
201775
202309
202309
202606
202606
202630
202630
20265
20265
202695
202695
202857
202857
203173
203173
203333
203333
203418
203418
203446
203446
203601
203601
203934
203934
20423
20423
204277
204277
204312
204312
204374
204374
204393
204393
204513
204513
204680
204680
205055
205055
205108
205108
20519
20519
205582
205582
205589
205589
205780
205780
206235
206235
206928
206928
207058
207058
207368
207368
207871
207871
208030
208030
208061
208061
208310
208310
208346
208346
20896
20896
20929
20929
209558
209558
209675
209675
209876
209876
20989
20989
210040
210040
210210
210210
210480
210480
211163
211163
21131
21131
211325
211325
211504
211504
211662
211662
21290
21290
213893
213893
214099
214099
215262
215262
215298
215298
215737
215737
215887
215887
216066
216066
216246
216246
216396
216396
216407
216407
216698
216698
216783
216783
21689
21689
21711
21711
217365
217365
217471
217471
218823
218823
218961
218961
21910
21910
219234
219234
219286
219286
2194
2194
219452
219452
219491
219491
219841
219841
220377
220377
22048
22048
221835
221835
221962
221962
222326
222326
223192
223192
223237
223237
223484
223484
223971
223971
22402
22402
224173
224173
22419
22419
2246
2246
224619
224619
224655
224655
225229
225229
22545
22545
22572
22572
22589
22589
22608
22608
226186
226186
226204
226204
226307
226307
226607
226607
227064
227064
227283
227283
227502
227502
227554
227554
228065
228065
228229
228229
22835
22835
228763
228763
22977
22977
229870
229870
229883
229883
229989
229989
230115
230115
230629
230629
230698
230698
2316
2316
231647
231647
231798
231798
232208
232208
232762
232762
232775
232775
23297
23297
233221
233221
233312
233312
233580
233580
234258
234258
234663
234663
234856
234856
23607
23607
237521
237521
237942
237942
239209
239209
239375
239375
239531
239531
23991
23991
240002
240002
240011
240011
24006
24006
24027
24027
240338
240338
240496
240496
240610
240610
24083
24083
240857
240857
240929
240929
24285
24285
243630
243630
243639
243639
244261
244261
244377
244377
244544
244544
244582
244582
244774
244774
2448
2448
245652
245652
24569
24569
245912
245912
246146
246146
246236
246236
246647
246647
246931
246931
246981
246981
24736
24736
247475
247475
247525
247525
247583
247583
24771
24771
248247
248247
250041
250041
250448
250448
25046
25046
25071
25071
25102
25102
25108
25108
251375
251375
251705
251705
25221
25221
25260
25260
252628
252628
252743
252743
253023
253023
253096
253096
25321
25321
253857
253857
253990
253990
254424
254424
25553
25553
255890
255890
256591
256591
256619
256619
25668
25668
257084
257084
257093
257093
257150
257150
257248
257248
25764
25764
257704
257704
258191
258191
259354
259354
2596
2596
26017
26017
260510
260510
260626
260626
260777
260777
261250
261250
261516
261516
26200
26200
2622
2622
262304
262304
262361
262361
26290
26290
263363
263363
263504
263504
264726
264726
26474
26474
264794
264794
265132
265132
265176
265176
265300
265300
266046
266046
266627
266627
26700
26700
267385
267385
267514
267514
267715
267715
267920
267920
268203
268203
268409
268409
2685
2685
269074
269074
270468
270468
270759
270759
271328
271328
27213
27213
27224
27224
27228
27228
272323
272323
274117
274117
274209
274209
27541
27541
275879
275879
276425
276425
276511
276511
27677
27677
277565
277565
27770
27770
27804
27804
279407
279407
279762
279762
279956
279956
28033
28033
280342
280342
28039
28039
281149
281149
281451
281451
281812
281812
281941
281941
28203
28203
28215
28215
282319
282319
282698
282698
282951
282951
283503
283503
284328
284328
284362
284362
28458
28458
28495
28495
285313
285313
285539
285539
285571
285571
285588
285588
28561
28561
28567
28567
285920
285920
286372
286372
286621
286621
286764
286764
287205
287205
287222
287222
287254
287254
288265
288265
288581
288581
288736
288736
289082
289082
289321
289321
289535
289535
289858
289858
289971
289971
290009
290009
290392
290392
290452
290452
290630
290630
290824
290824
290977
290977
292008
292008
29230
29230
292925
292925
293554
293554
2936
2936
293632
293632
293693
293693
29385
29385
294663
294663
294900
294900
294901
294901
294934
294934
294946
294946
294953
294953
29553
29553
295772
295772
296946
296946
297046
297046
297141
297141
29797
29797
298290
298290
298403
298403
298419
298419
298539
298539
298931
298931
298992
298992
299443
299443
299868
299868
299886
299886
300104
300104
300139
300139
300377
300377
300670
300670
30080
30080
301414
301414
301442
301442
30163
30163
301705
301705
30189
30189
302132
302132
302891
302891
303083
303083
30338
30338
303849
303849
304458
304458
304948
304948
304999
304999
305092
305092
305324
305324
305954
305954
306665
306665
30693
30693
307252
307252
307403
307403
307508
307508
30773
30773
308603
308603
308663
308663
309047
309047
309293
309293
30942
30942
309599
309599
310131
310131
310220
310220
310269
310269
31029
31029
310705
310705
311191
311191
311496
311496
311558
311558
31158
31158
311630
311630
311687
311687
31183
31183
312037
312037
312256
312256
31240
31240
313168
313168
313973
313973
314873
314873
315878
315878
31639
31639
316778
316778
316983
316983
31710
31710
317765
317765
31791
31791
318298
318298
318949
318949
318973
318973
319671
319671
31981
31981
3205
3205
3209
3209
321160
321160
321403
321403
321589
321589
321924
321924
32280
32280
323131
323131
323705
323705
3241
3241
324778
324778
324871
324871
32507
32507
32667
32667
326689
326689
327370
327370
327412
327412
327999
327999
32850
32850
328901
328901
328930
328930
329030
329030
329606
329606
329704
329704
3306
3306
33064
33064
331351
331351
331353
331353
332474
332474
332828
332828
332850
332850
333718
333718
333795
333795
334432
334432
33461
33461
335158
335158
335352
335352
335961
335961
336108
336108
33612
33612
336907
336907
337300
337300
33773
33773
33852
33852
339381
339381
33984
33984
340514
340514
34077
34077
341584
341584
342433
342433
343047
343047
343514
343514
34362
34362
34408
34408
34409
34409
344176
344176
34430
34430
344308
344308
345083
345083
345307
345307
346864
346864
347152
347152
347233
347233
347268
347268
34780
34780
348339
348339
34868
34868
348714
348714
348767
348767
348777
348777
34888
34888
34889
34889
348926
348926
349260
349260
349763
349763
350942
350942
35141
35141
35191
35191
352284
352284
35277
35277
353217
353217
35488
35488
35497
35497
3554
3554
355723
355723
356650
356650
35719
35719
35744
35744
359864
359864
359958
359958
360293
360293
360336
360336
360465
360465
360520
360520
36072
36072
360918
360918
361017
361017
361392
361392
361547
361547
361885
361885
362437
362437
362528
362528
362549
362549
36287
36287
36292
36292
362973
362973
363115
363115
363401
363401
363499
363499
36357
36357
364135
364135
364424
364424
36448
36448
364954
364954
364968
364968
364987
364987
36520
36520
365454
365454
36575
36575
365913
365913
366032
366032
366350
366350
366536
366536
366580
366580
366742
366742
366887
366887
367136
367136
367172
367172
367260
367260
368270
368270
36905
36905
36930
36930
37012
37012
37084
37084
370857
370857
371248
371248
37126
37126
371728
371728
371742
371742
371872
371872
372759
372759
37320
37320
373336
373336
37335
37335
37455
37455
374931
374931
375489
375489
37590
37590
376076
376076
376307
376307
37632
37632
376684
376684
376922
376922
37722
37722
377672
377672
377728
377728
378046
378046
37822
37822
37824
37824
378889
378889
380238
380238
380256
380256
380498
380498
380586
380586
380609
380609
380746
380746
38091
38091
381108
381108
381231
381231
381485
381485
381555
381555
382750
382750
3832
3832
383339
383339
383880
383880
384246
384246
38466
38466
38505
38505
386281
386281
38661
38661
387112
387112
387194
387194
3872
3872
38772
38772
38789
38789
387979
387979
3880
3880
3883
3883
388547
388547
38897
38897
389078
389078
38970
38970
39018
39018
390587
390587
3913
3913
391979
391979
39258
39258
392911
392911
392959
392959
393026
393026
39394
39394
394199
394199
395291
395291
396196
396196
39647
39647
396727
396727
396853
396853
39760
39760
397837
397837
39837
39837
398489
398489
398818
398818
399444
399444
39956
39956
399714
399714
399774
399774
400
400
40119
40119
401581
401581
401591
401591
401920
401920
401948
401948
402253
402253
403079
403079
403435
403435
403477
403477
403608
403608
4037
4037
404096
404096
40423
40423
404589
404589
405165
405165
40531
40531
40549
40549
4055
4055
40559
40559
40571
40571
406313
406313
406463
406463
40670
40670
406792
406792
409204
409204
409243
409243
409378
409378
409611
409611
4103
4103
410899
410899
41118
41118
4113
4113
411540
411540
41262
41262
412786
412786
4131
4131
41341
41341
41356
41356
414617
414617
414737
414737
414783
414783
41562
41562
416649
416649
41681
41681
417730
417730
418269
418269
41836
41836
41858
41858
419205
419205
420281
420281
420364
420364
4208
4208
42122
42122
422928
422928
423725
423725
424201
424201
42532
42532
426009
426009
4266
4266
42687
42687
42744
42744
427725
427725
427818
427818
427937
427937
428198
428198
42842
42842
42850
42850
429610
429610
430040
430040
430382
430382
43147
43147
432252
432252
432725
432725
43280
43280
433372
433372
43374
43374
433771
433771
43386
43386
434035
434035
43422
43422
435291
435291
436309
436309
436546
436546
43701
43701
43720
43720
4375
4375
43755
43755
437635
437635
43793
43793
438376
438376
438383
438383
43972
43972
4400
4400
440327
440327
440515
440515
44083
44083
44089
44089
44114
44114
44326
44326
443728
443728
443843
443843
444005
444005
44425
44425
444330
444330
44494
44494
446570
446570
448497
448497
449271
449271
449478
449478
449658
449658
449680
449680
449845
449845
450037
450037
450131
450131
450266
450266
450405
450405
450449
450449
450545
450545
450555
450555
450655
450655
450688
450688
450784
450784
451290
451290
451335
451335
451484
451484
451620
451620
451805
451805
451840
451840
451842
451842
451945
451945
452243
452243
452904
452904
453381
453381
453507
453507
453680
453680
453717
453717
453770
453770
454268
454268
454361
454361
45496
45496
455029
455029
455135
455135
455211
455211
455301
455301
4555
4555
455537
455537
455590
455590
456669
456669
456950
456950
457323
457323
457986
457986
458009
458009
458117
458117
458225
458225
45826
45826
458281
458281
458290
458290
45885
45885
45892
45892
459157
459157
459271
459271
459402
459402
459472
459472
45970
45970
459838
459838
45992
45992
459930
459930
46008
46008
460932
460932
461568
461568
461657
461657
461729
461729
461872
461872
46197
46197
462030
462030
462135
462135
462250
462250
462329
462329
46233
46233
462361
462361
462381
462381
462508
462508
462643
462643
463168
463168
463507
463507
464021
464021
464324
464324
466685
466685
468521
468521
468629
468629
4694
4694
469561
469561
469804
469804
470002
470002
470492
470492
47067
47067
471181
471181
471544
471544
47260
47260
472997
472997
47329
47329
473466
473466
474549
474549
474715
474715
47488
47488
47494
47494
474983
474983
475417
475417
475683
475683
47623
47623
476664
476664
476742
476742
476930
476930
477110
477110
47712
47712
477757
477757
477947
477947
47873
47873
479363
479363
47997
47997
480758
480758
48081
48081
480840
480840
481394
481394
481728
481728
482923
482923
483187
483187
483397
483397
483469
483469
484354
484354
48436
48436
484427
484427
485637
485637
486
486
486347
486347
487215
487215
487578
487578
488213
488213
48838
48838
489548
489548
489907
489907
490346
490346
49100
49100
491476
491476
491509
491509
4922
4922
493189
493189
49347
49347
493574
493574
496629
496629
496733
496733
497744
497744
49827
49827
498453
498453
499551
499551
500663
500663
50067
50067
501485
501485
501879
501879
501913
501913
50344
50344
504124
504124
504689
504689
504695
504695
50522
50522
505333
505333
505368
505368
50621
50621
506349
506349
506824
506824
50704
50704
507139
507139
507302
507302
5075
5075
507969
507969
508029
508029
508221
508221
508278
508278
508635
508635
50931
50931
509586
509586
509834
509834
510056
510056
510644
510644
5112
5112
51156
51156
511862
511862
5130
5130
51301
51301
5136
5136
51362
51362
51496
51496
515
515
515982
515982
515994
515994
51785
51785
51865
51865
519696
519696
519729
519729
52046
52046
52126
52126
521465
521465
523251
523251
52332
52332
52451
52451
524590
524590
525088
525088
52584
52584
5282
5282
529477
529477
5296
5296
530369
530369
53038
53038
530394
530394
532231
532231
53263
53263
533302
533302
533680
533680
53377
53377
534044
534044
534219
534219
53604
53604
537298
537298
537739
537739
53781
53781
53822
53822
5401
5401
540580
540580
540911
540911
541188
541188
54364
54364
546580
546580
546818
546818
54801
54801
548406
548406
54880
54880
551378
551378
55204
55204
55253
55253
554062
554062
554280
554280
556532
556532
557549
557549
55868
55868
55984
55984
56051
56051
56104
56104
561357
561357
561448
561448
561853
561853
56225
56225
56295
56295
564567
564567
565055
565055
56508
56508
565516
565516
566474
566474
567325
567325
56753
56753
568228
568228
57236
57236
573712
573712
575
575
575840
575840
57586
57586
577761
577761
579580
579580
57994
57994
58009
58009
582333
582333
58376
58376
5847
5847
586047
586047
5873
5873
58781
58781
588024
588024
58821
58821
588345
588345
588890
588890
58893
58893
588943
588943
58996
58996
590561
590561
5911
5911
59205
59205
59356
59356
594
594
5942
5942
595100
595100
5956
5956
598775
598775
59943
59943
5998
5998
599840
599840
600396
600396
602153
602153
602488
602488
602780
602780
60331
60331
60431
60431
60729
60729
607700
607700
607935
607935
609819
609819
610965
610965
611026
611026
611222
611222
611325
611325
61138
61138
613370
613370
6137
6137
614422
614422
61495
61495
61503
61503
6156
6156
616528
616528
616663
616663
616765
616765
61690
61690
617097
617097
617358
617358
6176
6176
6200
6200
620947
620947
620987
620987
620996
620996
621007
621007
621549
621549
6229
6229
623367
623367
6237
6237
62421
62421
62492
62492
624966
624966
625021
625021
62518
62518
62582
62582
626078
626078
626320
626320
626941
626941
627416
627416
62812
62812
628470
628470
629102
629102
6302
6302
63072
63072
631248
631248
63202
63202
632591
632591
633133
633133
6332
6332
633695
633695
634082
634082
63594
63594
636681
636681
636944
636944
63696
63696
636980
636980
639157
639157
639182
639182
63980
63980
639822
639822
639896
639896
640055
640055
640096
640096
64079
64079
64164
64164
6418
6418
643520
643520
64432
64432
64494
64494
64515
64515
645594
645594
645836
645836
646645
646645
646701
646701
64697
64697
64725
64725
64858
64858
6486
6486
648663
648663
64950
64950
65083
65083
651413
651413
6522
6522
652401
652401
652715
652715
65331
65331
653658
653658
65387
65387
654386
654386
65457
65457
656744
656744
65712
65712
65736
65736
65765
65765
65852
65852
65856
65856
6586
6586
65890
65890
65911
65911
66079
66079
66108
66108
661168
661168
66124
66124
66150
66150
66201
66201
664472
664472
66554
66554
66716
66716
66751
66751
6676
6676
66810
66810
66843
66843
66969
66969
6698
6698
66989
66989
67009
67009
67148
67148
67164
67164
6718
6718
672029
672029
67262
67262
6732
6732
67437
67437
67555
67555
67567
67567
67663
67663
67758
67758
67762
67762
678098
678098
679402
679402
67965
67965
6800
6800
68067
68067
68144
68144
682106
682106
68220
68220
684
684
68445
68445
685281
685281
6853
6853
68640
68640
687295
687295
68793
68793
68809
68809
688709
688709
689595
689595
689823
689823
68983
68983
690926
690926
69120
69120
6916
6916
69349
69349
69379
69379
69481
69481
69556
69556
695840
695840
69776
69776
69810
69810
698536
698536
699540
699540
6996
6996
69983
69983
70106
70106
701407
701407
701514
701514
702563
702563
70271
70271
70306
70306
70392
70392
704
704
704437
704437
70552
70552
70732
70732
708762
708762
70883
70883
70995
70995
71008
71008
71036
71036
7116
7116
712105
712105
7138
7138
71528
71528
7157
7157
7161
7161
71626
71626
71655
71655
716795
716795
71828
71828
719002
719002
72136
72136
722185
722185
72224
72224
723328
723328
72549
72549
72605
72605
727065
727065
727127
727127
72714
72714
727693
727693
728312
728312
73396
73396
73431
73431
73474
73474
73638
73638
73882
73882
7390
7390
740899
740899
74196
74196
74211
74211
74298
74298
74332
74332
74473
74473
74565
74565
74629
74629
7470
7470
74713
74713
74765
74765
74789
74789
7483
7483
74898
74898
74964
74964
7498
7498
75012
75012
75162
75162
75219
75219
75328
75328
75377
75377
7543
7543
75549
75549
75719
75719
7578
7578
75998
75998
76013
76013
76081
76081
76739
76739
76867
76867
76914
76914
76987
76987
7700
7700
7710
7710
77184
77184
77399
77399
77449
77449
77610
77610
7798
7798
78088
78088
78362
78362
78406
78406
78447
78447
7862
7862
78876
78876
78951
78951
79124
79124
79273
79273
7928
7928
79318
79318
79715
79715
79730
79730
79769
79769
79834
79834
7996
7996
80164
80164
80225
80225
80402
80402
80562
80562
80601
80601
80667
80667
80969
80969
81344
81344
81488
81488
81732
81732
8179
8179
81865
81865
8209
8209
82100
82100
82203
82203
82255
82255
82280
82280
823
823
82347
82347
82437
82437
82470
82470
82731
82731
82803
82803
82884
82884
82897
82897
83431
83431
83484
83484
83771
83771
84354
84354
84491
84491
8452
8452
85077
85077
8508
8508
85109
85109
8523
8523
85337
85337
85627
85627
85752
85752
85902
85902
86
86
86113
86113
8632
8632
86544
86544
86618
86618
86724
86724
86787
86787
86795
86795
86822
86822
8712
8712
87162
87162
87515
87515
87859
87859
87916
87916
88129
88129
88287
88287
8834
8834
8865
8865
88976
88976
89127
89127
89324
89324
89542
89542
89608
89608
89932
89932
90067
90067
9012
9012
90214
90214
90217
90217
90260
90260
90318
90318
9040
9040
90754
90754
91220
91220
9126
9126
9135
9135
91426
91426
91484
91484
91511
91511
91657
91657
91701
91701
9206
9206
92109
92109
92184
92184
92326
92326
92333
92333
92592
92592
92610
92610
92766
92766
93109
93109
93288
93288
9341
9341
93779
93779
94021
94021
94024
94024
9405
9405
9460
9460
94740
94740
94772
94772
9489
9489
95104
95104
95254
95254
95483
95483
95775
95775
96080
96080
96181
96181
9630
9630
96668
96668
96965
96965
97074
97074
97542
97542
9757
9757
9776
9776
97975
97975
9816
9816
98161
98161
98702
98702
98707
98707
9886
9886
98972
98972
9921
9921
99237
99237
994
994
99718
99718
100186
100186
100693
100693
100945
100945
101028
101028
101162
101162
101207
101207
101822
101822
101847
101847
101858
101858
10232
10232
102924
102924
102988
102988
103137
103137
103220
103220
103228
103228
103249
103249
103623
103623
103953
103953
104162
104162
104493
104493
104542
104542
104595
104595
10465
10465
104782
104782
105067
105067
105261
105261
10531
10531
105400
105400
10548
10548
105751
105751
10597
10597
106039
106039
106213
106213
106290
106290
107013
107013
107228
107228
107400
107400
107701
107701
108442
108442
10881
10881
108925
108925
109070
109070
109120
109120
109208
109208
109268
109268
109278
109278
109321
109321
109343
109343
109548
109548
109635
109635
109899
109899
110000
110000
110378
110378
110477
110477
110814
110814
110984
110984
111085
111085
111295
111295
111597
111597
111827
111827
111854
111854
112069
112069
112206
112206
112235
112235
112302
112302
112434
112434
112613
112613
112684
112684
112705
112705
112850
112850
11319
11319
113302
113302
113392
113392
113960
113960
114349
114349
11460
11460
11470
11470
11503
11503
115358
115358
115369
115369
115432
115432
115587
115587
115661
115661
115735
115735
115762
115762
115868
115868
116254
116254
116996
116996
117291
117291
11746
11746
1175
1175
117525
117525
117602
117602
117842
117842
117857
117857
11789
11789
118332
118332
118520
118520
118749
118749
119080
119080
119185
119185
119195
119195
119578
119578
119700
119700
11989
11989
120043
120043
12021
12021
120295
120295
120621
120621
120628
120628
120751
120751
120876
120876
121241
121241
12129
12129
121355
121355
12177
12177
122113
122113
122133
122133
122272
122272
122304
122304
122330
122330
122357
122357
122410
122410
12249
12249
122636
122636
122760
122760
122909
122909
123234
123234
123308
123308
12336
12336
123419
123419
123546
123546
12372
12372
123879
123879
123948
123948
124108
124108
124111
124111
12435
12435
124399
124399
124631
124631
124651
124651
124692
124692
124773
124773
125111
125111
125154
125154
125245
125245
12532
12532
125526
125526
125531
125531
125537
125537
125558
125558
125612
125612
125679
125679
125751
125751
12578
12578
125843
125843
125844
125844
125947
125947
125980
125980
126065
126065
126153
126153
126198
126198
126227
126227
126229
126229
12623
12623
126286
126286
126467
126467
126766
126766
126857
126857
126886
126886
12690
12690
126909
126909
127064
127064
127118
127118
127130
127130
127162
127162
127180
127180
127240
127240
127256
127256
1273
1273
127326
127326
127355
127355
127405
127405
1276
1276
127633
127633
12764
12764
127678
127678
127704
127704
127777
127777
127853
127853
127884
127884
127923
127923
127950
127950
127977
127977
128113
128113
128138
128138
128249
128249
128463
128463
128481
128481
128657
128657
128781
128781
128997
128997
129058
129058
129246
129246
129321
129321
129569
129569
129604
129604
129755
129755
129784
129784
130098
130098
13029
13029
130393
130393
13077
13077
130789
130789
131100
131100
131351
131351
13142
13142
131524
131524
131546
131546
131562
131562
131601
131601
131624
131624
131919
131919
131982
131982
132094
132094
132107
132107
132143
132143
132144
132144
132209
132209
132317
132317
132419
132419
1326
1326
13265
13265
13266
13266
132786
132786
132799
132799
132837
132837
132894
132894
13298
13298
133030
133030
133179
133179
133287
133287
133343
133343
13351
13351
133533
133533
133575
133575
133671
133671
133903
133903
134017
134017
134342
134342
13464
13464
134777
134777
134794
134794
13487
13487
134899
134899
135113
135113
135135
135135
1352
1352
13521
13521
135364
135364
135483
135483
135602
135602
13575
13575
135778
135778
135818
135818
135824
135824
136194
136194
136202
136202
136348
136348
136394
136394
136810
136810
136822
136822
136881
136881
136925
136925
137251
137251
137325
137325
137491
137491
137724
137724
13776
13776
138032
138032
138098
138098
138125
138125
138148
138148
138250
138250
13843
13843
138908
138908
139036
139036
139150
139150
139279
139279
139528
139528
139810
139810
139947
139947
140080
140080
140311
140311
140663
140663
141013
141013
141075
141075
141106
141106
141370
141370
141564
141564
141606
141606
141665
141665
141802
141802
141832
141832
141834
141834
141866
141866
141940
141940
142043
142043
142054
142054
142159
142159
142177
142177
142300
142300
142442
142442
142508
142508
142728
142728
14280
14280
142856
142856
142962
142962
143055
143055
143221
143221
143350
143350
143396
143396
1437
1437
143720
143720
143791
143791
143819
143819
143838
143838
144205
144205
144433
144433
144456
144456
144526
144526
144668
144668
144768
144768
144783
144783
144895
144895
144938
144938
145071
145071
145530
145530
145812
145812
145935
145935
146088
146088
146127
146127
146137
146137
146150
146150
146162
146162
146245
146245
1463
1463
14673
14673
146748
146748
146798
146798
14686
14686
147321
147321
147339
147339
147491
147491
147503
147503
147682
147682
147800
147800
148159
148159
148321
148321
148327
148327
148383
148383
148391
148391
148554
148554
148715
148715
148869
148869
148881
148881
148884
148884
148971
148971
148975
148975
149054
149054
149154
149154
149206
149206
149214
149214
149298
149298
149707
149707
149819
149819
150185
150185
150212
150212
150425
150425
150789
150789
15093
15093
151185
151185
151201
151201
151213
151213
15169
15169
151870
151870
151941
151941
152102
152102
152157
152157
152192
152192
152297
152297
152326
152326
152440
152440
152547
152547
152707
152707
153171
153171
153191
153191
153384
153384
153442
153442
153602
153602
153831
153831
153833
153833
1540
1540
154020
154020
154072
154072
154151
154151
15419
15419
15426
15426
154299
154299
15433
15433
154699
154699
154948
154948
154957
154957
154993
154993
155163
155163
15526
15526
155319
155319
15551
15551
155733
155733
15580
15580
155852
155852
155879
155879
156296
156296
156580
156580
156650
156650
156708
156708
156910
156910
156942
156942
156998
156998
157154
157154
157723
157723
157917
157917
158222
158222
158486
158486
158957
158957
159039
159039
15922
15922
159287
159287
159438
159438
159645
159645
15971
15971
159854
159854
159863
159863
160286
160286
161151
161151
161864
161864
162075
162075
16211
16211
162129
162129
162267
162267
162317
162317
162612
162612
162728
162728
16277
16277
162782
162782
16329
16329
163450
163450
163741
163741
163755
163755
164009
164009
164010
164010
164026
164026
164056
164056
16433
16433
164362
164362
164473
164473
1647
1647
164894
164894
164926
164926
165210
165210
165255
165255
165425
165425
165544
165544
165620
165620
165676
165676
166224
166224
166519
166519
166875
166875
167274
167274
167343
167343
16736
16736
16755
16755
167573
167573
167647
167647
167784
167784
167840
167840
168089
168089
168191
168191
168879
168879
169015
169015
169072
169072
169225
169225
16932
16932
16935
16935
169376
169376
169516
169516
169976
169976
170076
170076
1705
1705
17056
17056
17071
17071
171138
171138
171348
171348
1718
1718
171991
171991
172629
172629
17281
17281
172972
172972
1732
1732
173527
173527
17369
17369
173958
173958
174195
174195
17428
17428
174292
174292
174811
174811
174872
174872
174898
174898
17496
17496
175453
175453
176871
176871
17702
17702
177058
177058
177167
177167
17791
17791
177921
177921
178410
178410
178447
178447
178793
178793
179215
179215
179703
179703
179800
179800
17993
17993
1801
1801
180402
180402
18047
18047
180876
180876
18108
18108
18121
18121
181264
181264
181274
181274
181742
181742
18229
18229
18236
18236
182416
182416
182439
182439
182700
182700
183284
183284
183337
183337
18345
18345
183765
183765
183788
183788
184574
184574
18547
18547
185490
185490
185543
185543
185724
185724
185895
185895
1861
1861
18641
18641
186761
186761
186822
186822
18706
18706
18723
18723
18747
18747
187888
187888
18802
18802
18889
18889
18926
18926
189316
189316
189475
189475
1895
1895
189591
189591
18982
18982
189822
189822
190483
190483
190529
190529
190612
190612
190820
190820
190828
190828
19107
19107
191166
191166
191589
191589
19162
19162
191686
191686
191942
191942
19230
19230
192621
192621
192654
192654
193069
193069
193575
193575
1938
1938
193930
193930
194074
194074
194139
194139
194933
194933
194952
194952
195107
195107
195148
195148
195297
195297
195449
195449
195988
195988
196017
196017
196125
196125
196180
196180
19640
19640
1966
1966
196714
196714
196768
196768
197161
197161
197336
197336
197409
197409
197564
197564
198014
198014
198129
198129
1982
1982
198363
198363
198682
198682
198946
198946
19898
19898
19973
19973
200753
200753
200911
200911
201775
201775
202309
202309
202606
202606
202630
202630
20265
20265
202695
202695
202857
202857
203173
203173
203333
203333
203418
203418
203446
203446
203601
203601
203934
203934
20423
20423
204277
204277
204312
204312
204374
204374
204393
204393
204513
204513
204680
204680
205055
205055
205108
205108
20519
20519
205582
205582
205589
205589
205780
205780
206235
206235
206928
206928
207058
207058
207368
207368
207871
207871
208030
208030
208061
208061
208310
208310
208346
208346
20896
20896
20929
20929
209558
209558
209675
209675
209876
209876
20989
20989
210040
210040
210210
210210
210480
210480
211163
211163
21131
21131
211325
211325
211504
211504
211662
211662
21290
21290
213893
213893
214099
214099
215262
215262
215298
215298
215737
215737
215887
215887
216066
216066
216246
216246
216396
216396
216407
216407
216698
216698
216783
216783
21689
21689
21711
21711
217365
217365
217471
217471
218823
218823
218961
218961
21910
21910
219234
219234
219286
219286
2194
2194
219452
219452
219491
219491
219841
219841
220377
220377
22048
22048
221835
221835
221962
221962
222326
222326
223192
223192
223237
223237
223484
223484
223971
223971
22402
22402
224173
224173
22419
22419
2246
2246
224619
224619
224655
224655
225229
225229
22545
22545
22572
22572
22589
22589
22608
22608
226186
226186
226204
226204
226307
226307
226607
226607
227064
227064
227283
227283
227502
227502
227554
227554
228065
228065
228229
228229
22835
22835
228763
228763
22977
22977
229870
229870
229883
229883
229989
229989
230115
230115
230629
230629
230698
230698
2316
2316
231647
231647
231798
231798
232208
232208
232762
232762
232775
232775
23297
23297
233221
233221
233312
233312
233580
233580
234258
234258
234663
234663
234856
234856
23607
23607
237521
237521
237942
237942
239209
239209
239375
239375
239531
239531
23991
23991
240002
240002
240011
240011
24006
24006
24027
24027
240338
240338
240496
240496
240610
240610
24083
24083
240857
240857
240929
240929
24285
24285
243630
243630
243639
243639
244261
244261
244377
244377
244544
244544
244582
244582
244774
244774
2448
2448
245652
245652
24569
24569
245912
245912
246146
246146
246236
246236
246647
246647
246931
246931
246981
246981
24736
24736
247475
247475
247525
247525
247583
247583
24771
24771
248247
248247
250041
250041
250448
250448
25046
25046
25071
25071
25102
25102
25108
25108
251375
251375
251705
251705
25221
25221
25260
25260
252628
252628
252743
252743
253023
253023
253096
253096
25321
25321
253857
253857
253990
253990
254424
254424
25553
25553
255890
255890
256591
256591
256619
256619
25668
25668
257084
257084
257093
257093
257150
257150
257248
257248
25764
25764
257704
257704
258191
258191
259354
259354
2596
2596
26017
26017
260510
260510
260626
260626
260777
260777
261250
261250
261516
261516
26200
26200
2622
2622
262304
262304
262361
262361
26290
26290
263363
263363
263504
263504
264726
264726
26474
26474
264794
264794
265132
265132
265176
265176
265300
265300
266046
266046
266627
266627
26700
26700
267385
267385
267514
267514
267715
267715
267920
267920
268203
268203
268409
268409
2685
2685
269074
269074
270468
270468
270759
270759
271328
271328
27213
27213
27224
27224
27228
27228
272323
272323
274117
274117
274209
274209
27541
27541
275879
275879
276425
276425
276511
276511
27677
27677
277565
277565
27770
27770
27804
27804
279407
279407
279762
279762
279956
279956
28033
28033
280342
280342
28039
28039
281149
281149
281451
281451
281812
281812
281941
281941
28203
28203
28215
28215
282319
282319
282698
282698
282951
282951
283503
283503
284328
284328
284362
284362
28458
28458
28495
28495
285313
285313
285539
285539
285571
285571
285588
285588
28561
28561
28567
28567
285920
285920
286372
286372
286621
286621
286764
286764
287205
287205
287222
287222
287254
287254
288265
288265
288581
288581
288736
288736
289082
289082
289321
289321
289535
289535
289858
289858
289971
289971
290009
290009
290392
290392
290452
290452
290630
290630
290824
290824
290977
290977
292008
292008
29230
29230
292925
292925
293554
293554
2936
2936
293632
293632
293693
293693
29385
29385
294663
294663
294900
294900
294901
294901
294934
294934
294946
294946
294953
294953
29553
29553
295772
295772
296946
296946
297046
297046
297141
297141
29797
29797
298290
298290
298403
298403
298419
298419
298539
298539
298931
298931
298992
298992
299443
299443
299868
299868
299886
299886
300104
300104
300139
300139
300377
300377
300670
300670
30080
30080
301414
301414
301442
301442
30163
30163
301705
301705
30189
30189
302132
302132
302891
302891
303083
303083
30338
30338
303849
303849
304458
304458
304948
304948
304999
304999
305092
305092
305324
305324
305954
305954
306665
306665
30693
30693
307252
307252
307403
307403
307508
307508
30773
30773
308603
308603
308663
308663
309047
309047
309293
309293
30942
30942
309599
309599
310131
310131
310220
310220
310269
310269
31029
31029
310705
310705
311191
311191
311496
311496
311558
311558
31158
31158
311630
311630
311687
311687
31183
31183
312037
312037
312256
312256
31240
31240
313168
313168
313973
313973
314873
314873
315878
315878
31639
31639
316778
316778
316983
316983
31710
31710
317765
317765
31791
31791
318298
318298
318949
318949
318973
318973
319671
319671
31981
31981
3205
3205
3209
3209
321160
321160
321403
321403
321589
321589
321924
321924
32280
32280
323131
323131
323705
323705
3241
3241
324778
324778
324871
324871
32507
32507
32667
32667
326689
326689
327370
327370
327412
327412
327999
327999
32850
32850
328901
328901
328930
328930
329030
329030
329606
329606
329704
329704
3306
3306
33064
33064
331351
331351
331353
331353
332474
332474
332828
332828
332850
332850
333718
333718
333795
333795
334432
334432
33461
33461
335158
335158
335352
335352
335961
335961
336108
336108
33612
33612
336907
336907
337300
337300
33773
33773
33852
33852
339381
339381
33984
33984
340514
340514
34077
34077
341584
341584
342433
342433
343047
343047
343514
343514
34362
34362
34408
34408
34409
34409
344176
344176
34430
34430
344308
344308
345083
345083
345307
345307
346864
346864
347152
347152
347233
347233
347268
347268
34780
34780
348339
348339
34868
34868
348714
348714
348767
348767
348777
348777
34888
34888
34889
34889
348926
348926
349260
349260
349763
349763
350942
350942
35141
35141
35191
35191
352284
352284
35277
35277
353217
353217
35488
35488
35497
35497
3554
3554
355723
355723
356650
356650
35719
35719
35744
35744
359864
359864
359958
359958
360293
360293
360336
360336
360465
360465
360520
360520
36072
36072
360918
360918
361017
361017
361392
361392
361547
361547
361885
361885
362437
362437
362528
362528
362549
362549
36287
36287
36292
36292
362973
362973
363115
363115
363401
363401
363499
363499
36357
36357
364135
364135
364424
364424
36448
36448
364954
364954
364968
364968
364987
364987
36520
36520
365454
365454
36575
36575
365913
365913
366032
366032
366350
366350
366536
366536
366580
366580
366742
366742
366887
366887
367136
367136
367172
367172
367260
367260
368270
368270
36905
36905
36930
36930
37012
37012
37084
37084
370857
370857
371248
371248
37126
37126
371728
371728
371742
371742
371872
371872
372759
372759
37320
37320
373336
373336
37335
37335
37455
37455
374931
374931
375489
375489
37590
37590
376076
376076
376307
376307
37632
37632
376684
376684
376922
376922
37722
37722
377672
377672
377728
377728
378046
378046
37822
37822
37824
37824
378889
378889
380238
380238
380256
380256
380498
380498
380586
380586
380609
380609
380746
380746
38091
38091
381108
381108
381231
381231
381485
381485
381555
381555
382750
382750
3832
3832
383339
383339
383880
383880
384246
384246
38466
38466
38505
38505
386281
386281
38661
38661
387112
387112
387194
387194
3872
3872
38772
38772
38789
38789
387979
387979
3880
3880
3883
3883
388547
388547
38897
38897
389078
389078
38970
38970
39018
39018
390587
390587
3913
3913
391979
391979
39258
39258
392911
392911
392959
392959
393026
393026
39394
39394
394199
394199
395291
395291
396196
396196
39647
39647
396727
396727
396853
396853
39760
39760
397837
397837
39837
39837
398489
398489
398818
398818
399444
399444
39956
39956
399714
399714
399774
399774
400
400
40119
40119
401581
401581
401591
401591
401920
401920
401948
401948
402253
402253
403079
403079
403435
403435
403477
403477
403608
403608
4037
4037
404096
404096
40423
40423
404589
404589
405165
405165
40531
40531
40549
40549
4055
4055
40559
40559
40571
40571
406313
406313
406463
406463
40670
40670
406792
406792
409204
409204
409243
409243
409378
409378
409611
409611
4103
4103
410899
410899
41118
41118
4113
4113
411540
411540
41262
41262
412786
412786
4131
4131
41341
41341
41356
41356
414617
414617
414737
414737
414783
414783
41562
41562
416649
416649
41681
41681
417730
417730
418269
418269
41836
41836
41858
41858
419205
419205
420281
420281
420364
420364
4208
4208
42122
42122
422928
422928
423725
423725
424201
424201
42532
42532
426009
426009
4266
4266
42687
42687
42744
42744
427725
427725
427818
427818
427937
427937
428198
428198
42842
42842
42850
42850
429610
429610
430040
430040
430382
430382
43147
43147
432252
432252
432725
432725
43280
43280
433372
433372
43374
43374
433771
433771
43386
43386
434035
434035
43422
43422
435291
435291
436309
436309
436546
436546
43701
43701
43720
43720
4375
4375
43755
43755
437635
437635
43793
43793
438376
438376
438383
438383
43972
43972
4400
4400
440327
440327
440515
440515
44083
44083
44089
44089
44114
44114
44326
44326
443728
443728
443843
443843
444005
444005
44425
44425
444330
444330
44494
44494
446570
446570
448497
448497
449271
449271
449478
449478
449658
449658
449680
449680
449845
449845
450037
450037
450131
450131
450266
450266
450405
450405
450449
450449
450545
450545
450555
450555
450655
450655
450688
450688
450784
450784
451290
451290
451335
451335
451484
451484
451620
451620
451805
451805
451840
451840
451842
451842
451945
451945
452243
452243
452904
452904
453381
453381
453507
453507
453680
453680
453717
453717
453770
453770
454268
454268
454361
454361
45496
45496
455029
455029
455135
455135
455211
455211
455301
455301
4555
4555
455537
455537
455590
455590
456669
456669
456950
456950
457323
457323
457986
457986
458009
458009
458117
458117
458225
458225
45826
45826
458281
458281
458290
458290
45885
45885
45892
45892
459157
459157
459271
459271
459402
459402
459472
459472
45970
45970
459838
459838
45992
45992
459930
459930
46008
46008
460932
460932
461568
461568
461657
461657
461729
461729
461872
461872
46197
46197
462030
462030
462135
462135
462250
462250
462329
462329
46233
46233
462361
462361
462381
462381
462508
462508
462643
462643
463168
463168
463507
463507
464021
464021
464324
464324
466685
466685
468521
468521
468629
468629
4694
4694
469561
469561
469804
469804
470002
470002
470492
470492
47067
47067
471181
471181
471544
471544
47260
47260
472997
472997
47329
47329
473466
473466
474549
474549
474715
474715
47488
47488
47494
47494
474983
474983
475417
475417
475683
475683
47623
47623
476664
476664
476742
476742
476930
476930
477110
477110
47712
47712
477757
477757
477947
477947
47873
47873
479363
479363
47997
47997
480758
480758
48081
48081
480840
480840
481394
481394
481728
481728
482923
482923
483187
483187
483397
483397
483469
483469
484354
484354
48436
48436
484427
484427
485637
485637
486
486
486347
486347
487215
487215
487578
487578
488213
488213
48838
48838
489548
489548
489907
489907
490346
490346
49100
49100
491476
491476
491509
491509
4922
4922
493189
493189
49347
49347
493574
493574
496629
496629
496733
496733
497744
497744
49827
49827
498453
498453
499551
499551
500663
500663
50067
50067
501485
501485
501879
501879
501913
501913
50344
50344
504124
504124
504689
504689
504695
504695
50522
50522
505333
505333
505368
505368
50621
50621
506349
506349
506824
506824
50704
50704
507139
507139
507302
507302
5075
5075
507969
507969
508029
508029
508221
508221
508278
508278
508635
508635
50931
50931
509586
509586
509834
509834
510056
510056
510644
510644
5112
5112
51156
51156
511862
511862
5130
5130
51301
51301
5136
5136
51362
51362
51496
51496
515
515
515982
515982
515994
515994
51785
51785
51865
51865
519696
519696
519729
519729
52046
52046
52126
52126
521465
521465
523251
523251
52332
52332
52451
52451
524590
524590
525088
525088
52584
52584
5282
5282
529477
529477
5296
5296
530369
530369
53038
53038
530394
530394
532231
532231
53263
53263
533302
533302
533680
533680
53377
53377
534044
534044
534219
534219
53604
53604
537298
537298
537739
537739
53781
53781
53822
53822
5401
5401
540580
540580
540911
540911
541188
541188
54364
54364
546580
546580
546818
546818
54801
54801
548406
548406
54880
54880
551378
551378
55204
55204
55253
55253
554062
554062
554280
554280
556532
556532
557549
557549
55868
55868
55984
55984
56051
56051
56104
56104
561357
561357
561448
561448
561853
561853
56225
56225
56295
56295
564567
564567
565055
565055
56508
56508
565516
565516
566474
566474
567325
567325
56753
56753
568228
568228
57236
57236
573712
573712
575
575
575840
575840
57586
57586
577761
577761
579580
579580
57994
57994
58009
58009
582333
582333
58376
58376
5847
5847
586047
586047
5873
5873
58781
58781
588024
588024
58821
58821
588345
588345
588890
588890
58893
58893
588943
588943
58996
58996
590561
590561
5911
5911
59205
59205
59356
59356
594
594
5942
5942
595100
595100
5956
5956
598775
598775
59943
59943
5998
5998
599840
599840
600396
600396
602153
602153
602488
602488
602780
602780
60331
60331
60431
60431
60729
60729
607700
607700
607935
607935
609819
609819
610965
610965
611026
611026
611222
611222
611325
611325
61138
61138
613370
613370
6137
6137
614422
614422
61495
61495
61503
61503
6156
6156
616528
616528
616663
616663
616765
616765
61690
61690
617097
617097
617358
617358
6176
6176
6200
6200
620947
620947
620987
620987
620996
620996
621007
621007
621549
621549
6229
6229
623367
623367
6237
6237
62421
62421
62492
62492
624966
624966
625021
625021
62518
62518
62582
62582
626078
626078
626320
626320
626941
626941
627416
627416
62812
62812
628470
628470
629102
629102
6302
6302
63072
63072
631248
631248
63202
63202
632591
632591
633133
633133
6332
6332
633695
633695
634082
634082
63594
63594
636681
636681
636944
636944
63696
63696
636980
636980
639157
639157
639182
639182
63980
63980
639822
639822
639896
639896
640055
640055
640096
640096
64079
64079
64164
64164
6418
6418
643520
643520
64432
64432
64494
64494
64515
64515
645594
645594
645836
645836
646645
646645
646701
646701
64697
64697
64725
64725
64858
64858
6486
6486
648663
648663
64950
64950
65083
65083
651413
651413
6522
6522
652401
652401
652715
652715
65331
65331
653658
653658
65387
65387
654386
654386
65457
65457
656744
656744
65712
65712
65736
65736
65765
65765
65852
65852
65856
65856
6586
6586
65890
65890
65911
65911
66079
66079
66108
66108
661168
661168
66124
66124
66150
66150
66201
66201
664472
664472
66554
66554
66716
66716
66751
66751
6676
6676
66810
66810
66843
66843
66969
66969
6698
6698
66989
66989
67009
67009
67148
67148
67164
67164
6718
6718
672029
672029
67262
67262
6732
6732
67437
67437
67555
67555
67567
67567
67663
67663
67758
67758
67762
67762
678098
678098
679402
679402
67965
67965
6800
6800
68067
68067
68144
68144
682106
682106
68220
68220
684
684
68445
68445
685281
685281
6853
6853
68640
68640
687295
687295
68793
68793
68809
68809
688709
688709
689595
689595
689823
689823
68983
68983
690926
690926
69120
69120
6916
6916
69349
69349
69379
69379
69481
69481
69556
69556
695840
695840
69776
69776
69810
69810
698536
698536
699540
699540
6996
6996
69983
69983
70106
70106
701407
701407
701514
701514
702563
702563
70271
70271
70306
70306
70392
70392
704
704
704437
704437
70552
70552
70732
70732
708762
708762
70883
70883
70995
70995
71008
71008
71036
71036
7116
7116
712105
712105
7138
7138
71528
71528
7157
7157
7161
7161
71626
71626
71655
71655
716795
716795
71828
71828
719002
719002
72136
72136
722185
722185
72224
72224
723328
723328
72549
72549
72605
72605
727065
727065
727127
727127
72714
72714
727693
727693
728312
728312
73396
73396
73431
73431
73474
73474
73638
73638
73882
73882
7390
7390
740899
740899
74196
74196
74211
74211
74298
74298
74332
74332
74473
74473
74565
74565
74629
74629
7470
7470
74713
74713
74765
74765
74789
74789
7483
7483
74898
74898
74964
74964
7498
7498
75012
75012
75162
75162
75219
75219
75328
75328
75377
75377
7543
7543
75549
75549
75719
75719
7578
7578
75998
75998
76013
76013
76081
76081
76739
76739
76867
76867
76914
76914
76987
76987
7700
7700
7710
7710
77184
77184
77399
77399
77449
77449
77610
77610
7798
7798
78088
78088
78362
78362
78406
78406
78447
78447
7862
7862
78876
78876
78951
78951
79124
79124
79273
79273
7928
7928
79318
79318
79715
79715
79730
79730
79769
79769
79834
79834
7996
7996
80164
80164
80225
80225
80402
80402
80562
80562
80601
80601
80667
80667
80969
80969
81344
81344
81488
81488
81732
81732
8179
8179
81865
81865
8209
8209
82100
82100
82203
82203
82255
82255
82280
82280
823
823
82347
82347
82437
82437
82470
82470
82731
82731
82803
82803
82884
82884
82897
82897
83431
83431
83484
83484
83771
83771
84354
84354
84491
84491
8452
8452
85077
85077
8508
8508
85109
85109
8523
8523
85337
85337
85627
85627
85752
85752
85902
85902
86
86
86113
86113
8632
8632
86544
86544
86618
86618
86724
86724
86787
86787
86795
86795
86822
86822
8712
8712
87162
87162
87515
87515
87859
87859
87916
87916
88129
88129
88287
88287
8834
8834
8865
8865
88976
88976
89127
89127
89324
89324
89542
89542
89608
89608
89932
89932
90067
90067
9012
9012
90214
90214
90217
90217
90260
90260
90318
90318
9040
9040
90754
90754
91220
91220
9126
9126
9135
9135
91426
91426
91484
91484
91511
91511
91657
91657
91701
91701
9206
9206
92109
92109
92184
92184
92326
92326
92333
92333
92592
92592
92610
92610
92766
92766
93109
93109
93288
93288
9341
9341
93779
93779
94021
94021
94024
94024
9405
9405
9460
9460
94740
94740
94772
94772
9489
9489
95104
95104
95254
95254
95483
95483
95775
95775
96080
96080
96181
96181
9630
9630
96668
96668
96965
96965
97074
97074
97542
97542
9757
9757
9776
9776
97975
97975
9816
9816
98161
98161
98702
98702
98707
98707
9886
9886
98972
98972
9921
9921
99237
99237
994
994
99718
99718
