30334,77
6586,63
32850,48
35488,46
55868,46
4408,44
2194,40
141606,39
23009,39
42532,38
38772,36
2793,34
2596,33
63270,33
223501,31
10998,31
162075,30
594,28
17381,28
56104,25
120621,25
1529,25
65083,24
48299,24
10373,24
5942,24
378661,23
67758,23
307,23
974,23
400,22
37267,21
1242,21
59632,20
327,20
151651,20
4428,20
367963,20
4113,20
14178,20
337300,20
95910,20
28738,19
44326,19
171143,19
65951,19
5466,19
41118,19
117127,19
988,18
53263,18
4507,18
17823,18
12336,18
16178,18
6588,18
38009,18
48245,18
5980,18
39647,18
49109,18
11,18
134,18
56022,18
40023,18
12473,18
125245,17
7034,17
312256,17
41332,17
73589,17
804,17
690,17
145902,17
64222,17
25090,17
6135,17
3205,16
59347,16
261900,16
69556,16
181663,16
189591,16
190425,16
5172,16
203601,16
41681,16
6253,16
24946,16
52963,16
36930,16
106039,16
69817,16
4796,15
80013,15
163729,15
130452,15
161273,15
60218,15
21305,15
62518,15
162391,15
132577,15
9135,15
140246,15
12493,15
26200,15
127264,15
34430,15
112850,15
288821,15
37632,15
4329,15
13758,15
8136,15
44849,15
48535,15
199199,14
6676,14
1705,14
306798,14
16371,14
6317,14
227554,14
64001,14
49827,14
8015,14
215505,14
12917,14
36433,14
72920,14
48321,14
133533,14
89710,14
19230,14
126540,14
125686,14
236276,14
70599,14
16652,14
642,14
37313,14
230698,14
626078,14
1164,14
24006,14
59458,14
11709,13
10607,13
157154,13
288736,13
9540,13
26632,13
48546,13
339697,13
15795,13
360161,13
852,13
1400,13
8653,13
34659,13
94665,13
156392,13
10148,13
15515,13
15433,13
48468,13
4922,13
57236,13
32624,13
106428,13
150887,13
32007,13
565,13
16388,13
343047,13
254826,13
136394,13
3678,13
3690,13
5558,12
22381,12
366887,12
22946,12
655011,12
16988,12
26353,12
62564,12
63420,12
128463,12
267558,12
196136,12
14686,12
7809,12
17610,12
614128,12
34592,12
178793,12
34,12
7273,12
111085,12
136106,12
110477,12
501,12
125765,12
601,12
8444,12
109338,12
49390,12
53822,12
1120,12
11211,12
1441,12
51156,12
33211,12
6558,12
55597,12
17275,12
2622,12
46930,12
104755,12
68445,12
72549,12
12435,12
293426,12
43755,12
146529,12
3541,12
98416,12
3677,12
58172,12
9489,12
3880,12
3934,12
19770,12
29071,12
44443,12
73160,12
13487,12
80324,12
73864,12
73804,12
95336,11
61396,11
221835,11
70995,11
28086,11
95360,11
162037,11
171684,11
156296,11
22743,11
70540,11
110984,11
352,11
75219,11
9757,11
14354,11
135778,11
86148,11
7290,11
505506,11
287571,11
127326,11
18867,11
62812,11
3841,11
127977,11
8205,11
29553,11
113194,11
164233,11
593383,11
141879,11
167274,11
29284,11
50621,11
19901,11
113544,11
10290,11
12764,11
169516,11
257263,11
93688,11
17640,11
14511,11
124094,11
15520,11
406792,11
103249,11
122211,11
196180,11
441458,11
67909,11
303083,11
128676,11
25077,11
221962,11
6337,11
32152,11
11925,11
1881,11
315034,11
5882,11
137588,11
1792,11
174292,11
2872,11
192269,11
165210,11
31183,11
562035,11
32691,11
139279,11
409204,11
33025,11
41605,11
144768,11
4217,11
33773,11
867,11
321589,11
36111,10
178804,10
300670,10
118675,10
451620,10
146137,10
90013,10
84007,10
423529,10
115868,10
115587,10
7498,10
114460,10
34572,10
67286,10
455135,10
223818,10
34214,10
110814,10
617097,10
253705,10
16628,10
104903,10
53688,10
33149,10
143989,10
206558,10
173822,10
143838,10
6197,10
65858,10
30907,10
82731,10
298290,10
30080,10
82470,10
6035,10
29757,10
29559,10
29230,10
87419,10
169072,10
27997,10
64697,10
142728,10
27213,10
205154,10
460837,10
166875,10
215298,10
25961,10
166655,10
142487,10
459620,10
4983,10
45072,10
588943,10
23036,10
4694,10
154699,10
13065,10
163755,10
4358,10
555318,10
21131,10
4246,10
320632,10
59551,10
197828,10
203232,10
203122,10
19361,10
3883,10
88976,10
18654,10
3697,10
202574,10
57620,10
506510,10
672223,10
3241,10
2988,10
2799,10
2724,10
291135,10
621466,10
2321,10
2271,10
2219,10
2151,10
313526,10
16036,10
11538,10
1807,10
11485,10
1620,10
1577,10
41397,10
71159,10
1352,10
137251,10
615790,10
15832,10
897,10
635,10
622,10
55325,10
486,10
149206,10
15551,10
10465,10
288265,10
134249,10
133272,10
184703,10
39018,10
286621,10
468901,10
38661,10
285779,10
9933,10
75549,10
85752,10
15425,10
282319,10
127704,10
127369,10
127240,10
9432,10
651574,10
395291,10
125526,10
199142,10
8834,10
84584,10
8792,10
37084,9
66843,9
8155,9
18641,9
3759,9
15868,9
146798,9
12139,9
67555,9
427107,9
637497,9
172698,9
49869,9
58009,9
251705,9
933,9
27864,9
159575,9
863,9
68918,9
119578,9
148391,9
464755,9
860,9
504689,9
51086,9
855,9
63681,9
244261,9
43264,9
465454,9
9107,9
108925,9
207337,9
53038,9
300832,9
10947,9
109249,9
17309,9
645,9
73576,9
25633,9
52126,9
21030,9
91543,9
12021,9
81344,9
6302,9
615,9
53896,9
65387,9
520080,9
88647,9
2389,9
449845,9
68640,9
5304,9
23666,9
89932,9
688498,9
26269,9
598110,9
164227,9
23508,9
197459,9
87165,9
60311,9
121355,9
313973,9
211292,9
196339,9
23134,9
26601,9
110909,9
42667,9
60228,9
5410,9
427,9
278693,9
37401,9
62001,9
16935,9
6339,9
305229,9
61878,9
701616,9
13441,9
4571,9
322511,9
80954,9
91484,9
4555,9
167343,9
22413,9
7189,9
27224,9
56155,9
5537,9
56170,9
307280,9
153585,9
135824,9
13464,9
15624,9
47700,9
11840,9
40119,9
2212,9
12562,9
612131,9
10597,9
409611,9
64858,9
404665,9
71655,9
19459,9
57159,9
131,9
43861,9
32202,9
46624,9
290009,9
1966,9
76,9
3578,9
15580,9
66,9
293693,9
77449,9
112684,9
9405,9
100751,9
147944,9
288328,9
53146,9
20319,9
506824,9
122760,9
67762,9
15090,9
625277,9
75377,9
447420,9
30773,9
92379,9
145735,9
92328,9
112967,9
4109,9
73059,9
222348,9
3335,9
546580,9
147234,9
12401,9
6522,9
50604,9
39394,9
414783,9
210480,9
3872,9
80164,9
15526,9
214560,9
35846,9
115369,9
643907,9
38970,9
61138,9
158261,9
143221,9
67663,9
28847,9
13590,9
10223,9
50581,9
41550,9
131982,9
139528,9
78730,9
183933,9
154671,9
31077,9
12254,9
516815,9
122148,9
56045,9
84483,9
147682,9
190820,9
698168,9
3815,9
131149,9
72446,9
4055,9
38505,9
67973,9
34780,9
151112,9
130393,9
11447,9
29872,9
510644,9
1276,9
613969,9
56508,9
56225,9
505368,9
250448,9
9867,9
117525,9
50170,9
182446,9
14794,9
342319,9
5911,9
45892,9
9816,9
425716,9
15426,9
1224,9
3807,9
78116,9
1190,9
80341,9
347152,9
88384,9
157779,9
1158,9
732967,9
450185,8
97695,8
168173,8
21719,8
360293,8
203934,8
21645,8
277162,8
27954,8
21427,8
13521,8
80244,8
64772,8
141765,8
226307,8
12734,8
89058,8
261369,8
119731,8
193241,8
20852,8
46331,8
295702,8
205695,8
28556,8
141370,8
35629,8
59663,8
89393,8
20423,8
245614,8
366032,8
28608,8
9417,8
79715,8
59474,8
203330,8
97542,8
672047,8
392885,8
19897,8
65331,8
44089,8
153340,8
19569,8
159039,8
29385,8
12647,8
29483,8
126227,8
202857,8
406313,8
82437,8
3865,8
58546,8
505581,8
170348,8
157942,8
548003,8
157891,8
553710,8
12584,8
622142,8
18495,8
12576,8
57994,8
30072,8
46588,8
30220,8
540911,8
202630,8
237942,8
148100,8
65736,8
388547,8
57730,8
57603,8
297141,8
154761,8
65830,8
172384,8
147800,8
139947,8
217346,8
3287,8
3257,8
139810,8
472175,8
30931,8
616991,8
46848,8
396825,8
31029,8
138908,8
52147,8
31258,8
172674,8
120751,8
6229,8
31307,8
16932,8
2685,8
94754,8
72136,8
357196,8
172818,8
2587,8
430382,8
462629,8
143819,8
2502,8
71863,8
496417,8
273000,8
32048,8
360520,8
17157,8
55898,8
11760,8
154180,8
462643,8
363115,8
76543,8
432542,8
174287,8
224173,8
71441,8
137598,8
125494,8
310705,8
76081,8
11519,8
41749,8
78951,8
196768,8
1736,8
125342,8
449555,8
726071,8
14008,8
55568,8
1637,8
9017,8
51272,8
298608,8
187511,8
155679,8
175306,8
1488,8
36820,8
629102,8
187227,8
152297,8
1366,8
144463,8
147400,8
41329,8
125111,8
41273,8
76013,8
1233,8
1230,8
17536,8
250565,8
207191,8
515900,8
40979,8
100945,8
136810,8
15853,8
124999,8
6853,8
68127,8
298992,8
95295,8
470492,8
814,8
108771,8
71008,8
6996,8
343727,8
144915,8
474549,8
451221,8
34182,8
86544,8
186299,8
136202,8
254424,8
15639,8
611801,8
40380,8
110913,8
424,8
211163,8
449285,8
256013,8
54626,8
47712,8
10622,8
658092,8
7283,8
40011,8
193,8
34408,8
225432,8
57572,8
10547,8
69983,8
36020,8
87956,8
227209,8
530686,8
421730,8
135135,8
124399,8
112705,8
134794,8
134777,8
134715,8
39805,8
122113,8
134169,8
149054,8
39760,8
184728,8
363346,8
133575,8
113302,8
34449,8
287222,8
34550,8
39487,8
39382,8
122133,8
132882,8
422928,8
469225,8
269588,8
69607,8
147225,8
257897,8
132143,8
67355,8
132059,8
195011,8
286326,8
362082,8
7578,8
131601,8
14592,8
7605,8
218755,8
131351,8
285588,8
50469,8
17012,8
14629,8
130158,8
210040,8
6,8
106159,8
613698,8
452042,8
403079,8
283503,8
282951,8
122209,8
15419,8
118151,8
196125,8
37753,8
146179,8
451805,8
35497,8
37722,8
282283,8
75395,8
119080,8
49900,8
437635,8
54995,8
35602,8
244544,8
122330,8
16837,8
17626,8
93671,8
142159,8
63696,8
561605,8
91657,8
5075,8
13298,8
91701,8
142054,8
695840,8
25436,8
196017,8
53032,8
367384,8
590673,8
81824,8
413569,8
294934,8
4834,8
24083,8
562853,8
8598,8
62681,8
24027,8
13382,8
563251,8
367200,8
164056,8
245912,8
81865,8
326556,8
80977,8
163802,8
191999,8
127056,8
26700,8
26736,8
13029,8
68612,8
5417,8
27097,8
4477,8
4474,8
461729,8
73180,8
616765,8
61196,8
80455,8
27770,8
324236,8
80402,8
156484,7
365346,7
17493,7
17467,7
552221,7
155852,7
17339,7
623367,7
96502,7
480840,7
596489,7
155319,7
17031,7
56753,7
56645,7
455159,7
56313,7
16700,7
78547,7
56270,7
219234,7
16446,7
16277,7
16275,7
55899,7
15971,7
549530,7
636691,7
55312,7
153833,7
218932,7
78347,7
640430,7
15211,7
454361,7
153384,7
55022,7
311558,7
14733,7
14673,7
454268,7
311191,7
227883,7
363152,7
101207,7
152593,7
53846,7
152371,7
53770,7
53604,7
152157,7
362973,7
13776,7
77482,7
13447,7
13389,7
52845,7
52584,7
309458,7
151283,7
308603,7
88877,7
12372,7
151185,7
621549,7
151098,7
76908,7
410244,7
51865,7
51854,7
452860,7
244661,7
699540,7
476664,7
150212,7
11570,7
11508,7
11470,7
11465,7
150100,7
75998,7
149821,7
11088,7
11067,7
149778,7
621007,7
75755,7
50815,7
149214,7
10481,7
75565,7
10271,7
50587,7
10008,7
9921,7
708762,7
50339,7
9800,7
50145,7
235567,7
9642,7
584922,7
451842,7
49401,7
9040,7
75222,7
48838,7
301458,7
696797,7
8523,7
48393,7
195144,7
8247,7
8209,7
8181,7
451672,7
7928,7
48269,7
146127,7
7798,7
217253,7
7654,7
217184,7
47997,7
145935,7
299868,7
380609,7
7470,7
74713,7
47623,7
7203,7
582333,7
541246,7
360954,7
95391,7
74631,7
6971,7
582007,7
144668,7
87665,7
216367,7
298857,7
100769,7
226884,7
74229,7
502254,7
6451,7
6358,7
226417,7
298487,7
143774,7
87447,7
297286,7
472812,7
6023,7
46424,7
450655,7
46043,7
5847,7
360465,7
45970,7
5644,7
5444,7
192654,7
5401,7
45679,7
600018,7
45496,7
5018,7
45231,7
5013,7
106183,7
45115,7
450266,7
4662,7
599840,7
214722,7
4400,7
294016,7
472412,7
594656,7
191563,7
3924,7
293632,7
100568,7
3750,7
140759,7
3645,7
43793,7
3554,7
360063,7
292925,7
3375,7
43720,7
3306,7
3299,7
43643,7
190828,7
449943,7
43507,7
378786,7
43482,7
2936,7
87037,7
471181,7
72099,7
2544,7
213893,7
86849,7
593002,7
42855,7
138250,7
42842,7
42687,7
449677,7
42284,7
189475,7
211843,7
2045,7
355723,7
187888,7
1986,7
592390,7
1938,7
1919,7
1895,7
1874,7
403435,7
41794,7
1784,7
1772,7
1755,7
355360,7
137444,7
1722,7
1647,7
137421,7
105261,7
187086,7
41190,7
1220,7
137151,7
1143,7
40959,7
1069,7
136593,7
856,7
800,7
71036,7
692,7
86602,7
575,7
500,7
136194,7
417,7
86164,7
135573,7
211006,7
209,7
634173,7
135483,7
135428,7
39922,7
288581,7
661168,7
469561,7
39785,7
287786,7
133343,7
133235,7
210914,7
86086,7
634069,7
210210,7
38789,7
210054,7
131694,7
614447,7
131524,7
573712,7
443843,7
38579,7
38533,7
69433,7
38112,7
183284,7
129477,7
209778,7
129436,7
129246,7
128781,7
282968,7
660200,7
37847,7
37824,7
246647,7
391320,7
127923,7
660147,7
37654,7
127509,7
37590,7
127398,7
436851,7
127256,7
523037,7
68724,7
345083,7
84877,7
208291,7
126198,7
37112,7
37083,7
126030,7
522267,7
104957,7
36980,7
125843,7
522051,7
434525,7
273013,7
125612,7
36905,7
645594,7
125154,7
180149,7
376307,7
272177,7
36577,7
124159,7
36520,7
36517,7
246323,7
732274,7
432795,7
432746,7
123381,7
611648,7
343382,7
104918,7
266046,7
431478,7
122304,7
430853,7
430040,7
263483,7
263363,7
84255,7
428198,7
93109,7
35608,7
119547,7
427818,7
261250,7
119298,7
643520,7
260813,7
207779,7
35547,7
207578,7
178410,7
390329,7
390167,7
117842,7
117744,7
117602,7
177555,7
34888,7
207569,7
34843,7
117015,7
116565,7
34803,7
34768,7
423725,7
116020,7
67382,7
464302,7
422135,7
114429,7
257093,7
728312,7
256986,7
113241,7
256782,7
207443,7
112418,7
112302,7
207442,7
112069,7
111959,7
34362,7
508635,7
340514,7
111597,7
34260,7
254073,7
110264,7
34200,7
508029,7
418486,7
109548,7
34128,7
253433,7
34099,7
590561,7
34077,7
253023,7
34074,7
417840,7
252628,7
33852,7
107726,7
107701,7
251375,7
33672,7
507139,7
417177,7
176322,7
33480,7
33158,7
92592,7
33092,7
207131,7
66723,7
106290,7
174872,7
374870,7
92546,7
247549,7
83026,7
230629,7
174195,7
66124,7
32179,7
66108,7
66096,7
66079,7
31888,7
31791,7
66001,7
65996,7
31618,7
372607,7
598775,7
31240,7
483397,7
31109,7
30996,7
30942,7
30693,7
172126,7
171991,7
709794,7
65764,7
171209,7
30267,7
699159,7
65476,7
656744,7
482923,7
169976,7
28855,7
28823,7
28567,7
82322,7
92184,7
28495,7
716795,7
368468,7
405960,7
64903,7
333795,7
333718,7
462030,7
461872,7
64725,7
333307,7
168191,7
168089,7
167840,7
414737,7
655496,7
27410,7
167573,7
167539,7
27270,7
598643,7
26954,7
607707,7
26720,7
367553,7
26017,7
25914,7
64164,7
562417,7
91815,7
329030,7
63999,7
165676,7
81732,7
63767,7
25102,7
204840,7
221293,7
328823,7
327807,7
24543,7
561448,7
204778,7
367260,7
24357,7
164819,7
164728,7
164473,7
164026,7
62335,7
62166,7
221081,7
22977,7
367136,7
245652,7
22871,7
61995,7
325283,7
61719,7
61495,7
91426,7
22402,7
22336,7
80627,7
220960,7
104493,7
22048,7
21914,7
60729,7
323131,7
21417,7
21303,7
21290,7
161963,7
60331,7
161736,7
161450,7
639896,7
554280,7
160945,7
399153,7
59705,7
20463,7
229274,7
498453,7
20049,7
159783,7
159645,7
19898,7
19803,7
239239,7
489907,7
58996,7
58889,7
19370,7
19320,7
79331,7
19145,7
158388,7
202752,7
79280,7
383352,7
58202,7
58101,7
18723,7
157723,7
157629,7
18444,7
90214,7
456669,7
365850,7
18170,7
318246,7
18023,7
694031,7
156708,7
156650,7
79150,7
39965,7
249642,6
248972,6
607725,6
105582,6
105400,6
105366,6
105200,6
105067,6
247583,6
104459,6
246981,6
413677,6
103623,6
103469,6
103246,6
103220,6
505333,6
102988,6
246236,6
246146,6
102492,6
101963,6
607700,6
411897,6
101746,6
101587,6
505081,6
410899,6
245019,6
244822,6
504695,6
409938,6
409378,6
100167,6
243639,6
243630,6
99866,6
243043,6
504124,6
99237,6
240623,6
98782,6
503942,6
98702,6
98489,6
240002,6
98029,6
239923,6
239531,6
239503,6
405822,6
503724,6
96965,6
96376,6
96375,6
404185,6
95904,6
604784,6
95775,6
235655,6
404096,6
234856,6
604324,6
233687,6
94772,6
403477,6
94740,6
233312,6
94201,6
501913,6
94024,6
94021,6
402253,6
93779,6
501907,6
93566,6
231876,6
701492,6
93146,6
501879,6
92733,6
92550,6
92438,6
230601,6
685905,6
501181,6
602488,6
602234,6
91932,6
229883,6
91501,6
91221,6
640055,6
398818,6
398489,6
228309,6
90260,6
497744,6
397158,6
497239,6
396727,6
89995,6
89831,6
89826,6
89542,6
89442,6
227826,6
396196,6
88754,6
88700,6
88552,6
88403,6
227271,6
87916,6
87859,6
227111,6
87667,6
87649,6
227064,6
701477,6
720678,6
87227,6
87040,6
87035,6
87003,6
225631,6
86787,6
225621,6
225519,6
86618,6
495957,6
85709,6
225090,6
85462,6
224966,6
85226,6
224655,6
224619,6
493584,6
390587,6
84491,6
84354,6
390378,6
83771,6
493574,6
83685,6
223484,6
83484,6
389715,6
83226,6
83099,6
699579,6
82803,6
82634,6
82480,6
598748,6
222345,6
82255,6
387194,6
82100,6
81842,6
386629,6
81500,6
81383,6
81042,6
80960,6
80831,6
80667,6
80562,6
220652,6
385901,6
490346,6
220377,6
384375,6
79730,6
79565,6
489912,6
639157,6
383636,6
219465,6
79180,6
679402,6
78997,6
78958,6
78638,6
488213,6
78406,6
218961,6
381555,6
596125,6
218567,6
77719,6
77610,6
77522,6
381231,6
487374,6
77210,6
77184,6
217972,6
76914,6
380847,6
217872,6
75886,6
75719,6
217471,6
217421,6
217365,6
75014,6
74789,6
380586,6
380498,6
74690,6
74629,6
216528,6
380489,6
487215,6
74298,6
216246,6
638524,6
379483,6
74114,6
379377,6
74061,6
215498,6
215262,6
73474,6
379311,6
214805,6
72714,6
214538,6
214129,6
486347,6
72023,6
213889,6
213614,6
213360,6
676545,6
71359,6
211504,6
377672,6
70883,6
211325,6
70392,6
377532,6
70106,6
69720,6
69576,6
69363,6
209876,6
377438,6
69120,6
485521,6
69114,6
209558,6
208378,6
208346,6
68553,6
68472,6
68220,6
376434,6
207871,6
68067,6
68001,6
67965,6
207813,6
67567,6
67495,6
67444,6
484434,6
67312,6
207380,6
67009,6
375049,6
66757,6
66751,6
374931,6
484354,6
66492,6
484080,6
66201,6
206407,6
589615,6
371872,6
65890,6
65856,6
65852,6
483187,6
65765,6
65645,6
65468,6
65457,6
205780,6
65069,6
370857,6
205582,6
368279,6
205342,6
205179,6
481906,6
64418,6
64095,6
64086,6
204953,6
204846,6
63782,6
63594,6
63456,6
62880,6
62833,6
62492,6
588900,6
62290,6
62102,6
62095,6
61690,6
204428,6
204400,6
204374,6
481394,6
366580,6
61179,6
366536,6
204098,6
366438,6
60778,6
366350,6
60200,6
203727,6
203446,6
203433,6
59640,6
203333,6
59539,6
59475,6
203312,6
59248,6
203173,6
58813,6
58781,6
58539,6
58488,6
365913,6
202695,6
365454,6
202309,6
57381,6
57292,6
202035,6
56933,6
56853,6
364968,6
588390,6
56295,6
364424,6
56095,6
477947,6
55703,6
55280,6
55253,6
55224,6
55089,6
363401,6
54801,6
198682,6
54579,6
54364,6
198474,6
53377,6
198110,6
198014,6
52933,6
477049,6
587264,6
672029,6
52183,6
197628,6
197564,6
51785,6
197409,6
51496,6
586047,6
475683,6
51095,6
51002,6
636534,6
50704,6
362135,6
50433,6
50070,6
50067,6
361988,6
49557,6
713265,6
671026,6
48436,6
195148,6
361040,6
48243,6
48140,6
47976,6
47955,6
361022,6
47809,6
473236,6
47488,6
194427,6
47347,6
47329,6
194139,6
47237,6
47208,6
581113,6
47096,6
193930,6
193737,6
193575,6
46942,6
360478,6
46348,6
46233,6
46008,6
192717,6
45839,6
45753,6
45631,6
712105,6
192381,6
45208,6
192019,6
44793,6
360336,6
44709,6
360285,6
44449,6
44425,6
44187,6
44122,6
191166,6
43972,6
43971,6
711293,6
43502,6
359362,6
43465,6
471544,6
43422,6
43386,6
190529,6
43280,6
43027,6
356992,6
42913,6
189822,6
189645,6
634620,6
356650,6
42018,6
41962,6
41930,6
41858,6
187862,6
41407,6
41341,6
41106,6
40842,6
40779,6
186822,6
186808,6
186761,6
352836,6
470383,6
185892,6
40287,6
470002,6
40126,6
40072,6
469774,6
185490,6
349523,6
184704,6
39281,6
184574,6
38929,6
38897,6
38802,6
633695,6
38778,6
572865,6
183515,6
347506,6
347268,6
182700,6
37957,6
182310,6
182188,6
346864,6
345974,6
181370,6
37548,6
37531,6
345307,6
570888,6
37455,6
37414,6
37320,6
37177,6
37174,6
344642,6
344308,6
37012,6
344176,6
179898,6
36608,6
179800,6
343706,6
36448,6
36434,6
464640,6
179324,6
36072,6
632591,6
568800,6
178565,6
178521,6
178447,6
35566,6
35394,6
177921,6
35141,6
568662,6
177312,6
34737,6
34704,6
341272,6
34452,6
177058,6
34381,6
34329,6
176858,6
176646,6
33950,6
33697,6
176480,6
33640,6
566474,6
33126,6
463168,6
33064,6
174898,6
174838,6
566315,6
174626,6
32395,6
174579,6
32276,6
32272,6
32246,6
32191,6
173505,6
173248,6
172982,6
31786,6
172972,6
172945,6
31427,6
31298,6
172629,6
31158,6
172514,6
30891,6
30796,6
30742,6
171348,6
30482,6
30363,6
462381,6
565438,6
29931,6
171034,6
29540,6
462329,6
565055,6
335158,6
29247,6
28978,6
28619,6
462197,6
169357,6
564610,6
28470,6
28458,6
169218,6
28365,6
28175,6
28136,6
168522,6
27826,6
333026,6
461568,6
26851,6
26782,6
26663,6
167263,6
26290,6
26285,6
25862,6
25813,6
166311,6
25644,6
25635,6
562384,6
165887,6
25321,6
165544,6
25221,6
25071,6
25046,6
24916,6
24903,6
24842,6
24769,6
328519,6
24569,6
164894,6
24406,6
24358,6
164820,6
24072,6
459402,6
23991,6
23806,6
459271,6
164315,6
23549,6
164010,6
23297,6
626320,6
23128,6
163792,6
22936,6
22910,6
22896,6
695054,6
22750,6
163739,6
22589,6
163685,6
22545,6
458290,6
325235,6
22383,6
162808,6
324778,6
22200,6
22180,6
458225,6
324064,6
625896,6
21811,6
21801,6
21730,6
162317,6
457986,6
21321,6
161864,6
321816,6
20989,6
457901,6
20865,6
20863,6
320996,6
320666,6
160623,6
20507,6
20500,6
160574,6
20330,6
160396,6
320195,6
319843,6
159887,6
159863,6
159854,6
20034,6
19973,6
19906,6
625021,6
159397,6
319464,6
19457,6
19430,6
19397,6
158957,6
158572,6
319433,6
19162,6
19107,6
19051,6
624966,6
18926,6
18912,6
18901,6
318973,6
18747,6
18520,6
157617,6
157475,6
456355,6
18121,6
18097,6
18047,6
156620,6
317765,6
17764,6
17745,6
17734,6
156380,6
17579,6
156169,6
17496,6
455590,6
155733,6
17187,6
17134,6
17071,6
652715,6
16966,6
16941,6
16886,6
155163,6
16758,6
16736,6
455029,6
154948,6
16580,6
16473,6
16466,6
16403,6
314965,6
16329,6
16310,6
154640,6
454688,6
16177,6
16106,6
16105,6
154251,6
154121,6
454646,6
15936,6
15922,6
15782,6
153981,6
153831,6
15378,6
15337,6
15314,6
15212,6
454564,6
311630,6
14910,6
311537,6
14484,6
14442,6
14397,6
14378,6
14365,6
14328,6
652401,6
152547,6
152440,6
14168,6
152326,6
14155,6
14066,6
14038,6
152192,6
13792,6
548406,6
13679,6
152102,6
152092,6
453717,6
13562,6
309916,6
13278,6
13266,6
546818,6
13224,6
13142,6
151851,6
12718,6
309293,6
12623,6
12383,6
12215,6
12079,6
12018,6
11993,6
452904,6
11934,6
150669,6
452750,6
11738,6
11633,6
11588,6
11537,6
621063,6
150185,6
306540,6
11355,6
149951,6
452556,6
10861,6
149674,6
149540,6
10690,6
10525,6
452335,6
10342,6
149025,6
304999,6
304948,6
148932,6
148884,6
452265,6
9896,6
304090,6
9865,6
303120,6
9776,6
9763,6
620987,6
9694,6
9630,6
148554,6
9575,6
9571,6
148383,6
9341,6
148321,6
9181,6
147503,6
302132,6
9012,6
147339,6
8865,6
542841,6
8664,6
8611,6
301414,6
8508,6
146775,6
542795,6
8425,6
8302,6
146472,6
146245,6
8063,6
7865,6
300104,6
299886,6
7585,6
7543,6
7539,6
618169,6
299710,6
651413,6
7292,6
7256,6
145530,6
145314,6
7161,6
7138,6
7088,6
7081,6
6994,6
6993,6
144895,6
6877,6
298931,6
6800,6
144498,6
144433,6
6718,6
451070,6
6505,6
6486,6
6418,6
6332,6
6200,6
6171,6
450722,6
6114,6
143396,6
296946,6
6016,6
5998,6
5956,6
295701,6
690926,6
5859,6
5817,6
5790,6
450545,6
5651,6
450493,6
142581,6
5431,6
5363,6
616663,6
142300,6
294901,6
294900,6
5121,6
5032,6
5017,6
4950,6
142043,6
450298,6
141940,6
141866,6
4717,6
4653,6
141832,6
4467,6
4371,6
4323,6
4266,6
4208,6
293898,6
690138,6
141343,6
141106,6
4072,6
4037,6
4014,6
4000,6
141013,6
3850,6
3782,6
140663,6
140617,6
450131,6
3503,6
450046,6
3228,6
450037,6
139632,6
3180,6
3126,6
3094,6
291680,6
139036,6
2943,6
291630,6
291378,6
2728,6
2659,6
138668,6
2637,6
138623,6
138547,6
2557,6
138537,6
2522,6
2507,6
2471,6
2448,6
138472,6
2353,6
290845,6
616404,6
2283,6
290630,6
449680,6
290322,6
449658,6
2146,6
689823,6
2073,6
2034,6
2021,6
1943,6
1877,6
1861,6
449563,6
1820,6
137491,6
1743,6
1649,6
1596,6
724184,6
1501,6
1500,6
1463,6
1437,6
1414,6
1357,6
1345,6
289926,6
1306,6
1283,6
1273,6
1266,6
1148,6
289559,6
289535,6
823,6
289337,6
136397,6
684,6
583,6
540,6
136348,6
515,6
481,6
454,6
289321,6
449478,6
615394,6
449103,6
448497,6
219,6
218,6
194,6
182,6
142,6
127,6
135477,6
86,6
7,6
135113,6
134627,6
134252,6
134017,6
133946,6
133733,6
689515,6
133181,6
530369,6
133114,6
133030,6
530141,6
286711,6
132837,6
132799,6
132786,6
132433,6
132419,6
444708,6
132209,6
444702,6
286372,6
132100,6
132094,6
131919,6
529477,6
131562,6
285841,6
131359,6
131100,6
130937,6
443775,6
730458,6
285297,6
284683,6
525243,6
129597,6
646645,6
283528,6
129321,6
129063,6
129058,6
128481,6
128345,6
128249,6
282715,6
282698,6
128113,6
282671,6
127884,6
127859,6
439055,6
613512,6
127678,6
645836,6
127618,6
613465,6
281074,6
279959,6
127180,6
523251,6
279409,6
279407,6
127064,6
278448,6
277565,6
436546,6
436488,6
126467,6
126446,6
276550,6
126286,6
126268,6
126229,6
126175,6
723328,6
645600,6
275965,6
125891,6
275879,6
125537,6
125531,6
272468,6
125150,6
125062,6
272323,6
124692,6
124614,6
433609,6
270468,6
433372,6
269727,6
269074,6
268203,6
267920,6
267514,6
267385,6
123092,6
122909,6
265567,6
122535,6
611584,6
122357,6
515994,6
611325,6
122141,6
264726,6
121391,6
513260,6
261516,6
120015,6
119665,6
511862,6
119281,6
118822,6
118749,6
426750,6
118520,6
426659,6
260510,6
510811,6
118001,6
117857,6
688709,6
117302,6
259383,6
424201,6
116996,6
116494,6
116257,6
258848,6
115864,6
115762,6
610715,6
115686,6
115432,6
257421,6
113984,6
113733,6
510056,6
609819,6
112874,6
256591,6
112235,6
112206,6
111894,6
111854,6
111669,6
255890,6
111334,6
110922,6
420281,6
419205,6
109505,6
109343,6
722102,6
109321,6
109268,6
109208,6
109120,6
252743,6
252612,6
107915,6
507302,6
107583,6
107400,6
107230,6
249944,6
106587,6
249828,6
24884,6
741609,5
740899,5
731721,5
729633,5
727693,5
727127,5
727065,5
726669,5
725823,5
724093,5
722968,5
722185,5
719002,5
709960,5
705880,5
704647,5
704437,5
702563,5
701684,5
701514,5
701407,5
700860,5
698536,5
696992,5
696620,5
696502,5
696278,5
696180,5
692942,5
689595,5
689070,5
689034,5
688902,5
688644,5
688642,5
687977,5
687295,5
685775,5
685281,5
683393,5
682106,5
678098,5
675580,5
674785,5
674455,5
671617,5
666788,5
664472,5
663425,5
662276,5
657091,5
654386,5
654342,5
653658,5
652139,5
651409,5
651315,5
650732,5
648663,5
646876,5
646701,5
645689,5
644832,5
643411,5
643206,5
642693,5
642153,5
641891,5
640144,5
640096,5
639822,5
639463,5
639261,5
639182,5
638918,5
638665,5
638446,5
637036,5
636980,5
636944,5
636705,5
636681,5
636597,5
636119,5
635574,5
635245,5
635048,5
634869,5
634370,5
634082,5
633133,5
633077,5
631248,5
628470,5
627781,5
627416,5
627133,5
626941,5
626258,5
624441,5
623068,5
622405,5
620996,5
620947,5
617358,5
616775,5
616528,5
616166,5
616075,5
615082,5
614422,5
613646,5
613470,5
613370,5
613081,5
611874,5
611677,5
611222,5
611026,5
610965,5
609398,5
609138,5
608921,5
607935,5
607339,5
602871,5
602780,5
602153,5
601485,5
600673,5
600396,5
599477,5
598940,5
597546,5
596728,5
595894,5
595100,5
591937,5
591879,5
589469,5
589321,5
588890,5
588345,5
588024,5
587626,5
586503,5
585425,5
584034,5
583863,5
583291,5
580630,5
579580,5
579505,5
579442,5
579325,5
578419,5
577761,5
575840,5
572363,5
571068,5
569679,5
568228,5
567325,5
565516,5
565106,5
564567,5
563483,5
561853,5
561357,5
561295,5
557911,5
557549,5
556532,5
554062,5
554053,5
553219,5
551378,5
551195,5
548605,5
546723,5
546211,5
545768,5
545447,5
544597,5
543821,5
543191,5
542972,5
542377,5
541327,5
541188,5
541006,5
540580,5
537739,5
537298,5
534219,5
534044,5
533680,5
533302,5
533192,5
532231,5
530394,5
528158,5
528101,5
526174,5
525599,5
525231,5
525088,5
524590,5
524189,5
523861,5
522557,5
522515,5
521465,5
521388,5
519729,5
519696,5
518379,5
516353,5
515982,5
514105,5
511629,5
510786,5
510090,5
509834,5
509586,5
508278,5
508221,5
507969,5
506349,5
505852,5
505225,5
503530,5
502942,5
502494,5
501880,5
501485,5
500694,5
500663,5
499551,5
499208,5
497159,5
496822,5
496733,5
496629,5
493189,5
492599,5
491793,5
491509,5
491476,5
490706,5
489596,5
489548,5
488989,5
487578,5
487343,5
487067,5
486788,5
486534,5
485917,5
485637,5
485525,5
485495,5
484654,5
484427,5
483469,5
482971,5
482180,5
481840,5
481728,5
481329,5
480758,5
479363,5
477757,5
477110,5
476930,5
476742,5
476641,5
475417,5
475351,5
474983,5
474715,5
474284,5
473466,5
473068,5
472997,5
472433,5
472027,5
470966,5
470698,5
469804,5
469701,5
469377,5
468870,5
468811,5
468721,5
468629,5
468521,5
466685,5
464507,5
464388,5
464324,5
464021,5
463873,5
463507,5
462775,5
462508,5
462361,5
462337,5
462250,5
462135,5
461657,5
460932,5
460477,5
460089,5
460035,5
460022,5
459930,5
459900,5
459838,5
459472,5
459157,5
458598,5
458281,5
458117,5
458009,5
457923,5
457323,5
457224,5
456950,5
456749,5
455783,5
455537,5
455301,5
455211,5
454576,5
453883,5
453784,5
453770,5
453680,5
453507,5
453381,5
453106,5
453096,5
452705,5
452426,5
452243,5
452022,5
451945,5
451840,5
451791,5
451484,5
451364,5
451335,5
451290,5
450784,5
450688,5
450555,5
450449,5
450405,5
450154,5
449767,5
449629,5
449486,5
449479,5
449271,5
448204,5
446570,5
445384,5
444982,5
444330,5
444005,5
443728,5
442941,5
440515,5
440327,5
440118,5
439600,5
438383,5
438376,5
436999,5
436806,5
436679,5
436309,5
435887,5
435291,5
434545,5
434155,5
434035,5
433924,5
433771,5
433270,5
432725,5
432284,5
432252,5
432247,5
431412,5
431040,5
429610,5
429501,5
427937,5
427725,5
426009,5
425592,5
424136,5
422950,5
422062,5
421980,5
421959,5
420981,5
420857,5
420364,5
419548,5
418269,5
417730,5
417645,5
416649,5
416299,5
415015,5
414617,5
414189,5
413367,5
413150,5
412786,5
412178,5
411540,5
410196,5
409243,5
408302,5
406463,5
405165,5
404589,5
404173,5
404023,5
403608,5
403413,5
401948,5
401920,5
401591,5
401581,5
400490,5
399992,5
399774,5
399714,5
399444,5
398581,5
397837,5
396853,5
394199,5
393026,5
392959,5
392911,5
392317,5
391979,5
390631,5
389834,5
389636,5
389437,5
389078,5
387979,5
387112,5
386281,5
385528,5
384246,5
383960,5
383880,5
383339,5
382750,5
382055,5
381485,5
381108,5
380746,5
380256,5
380238,5
378959,5
378889,5
378558,5
378223,5
378046,5
377728,5
377389,5
376922,5
376684,5
376076,5
375489,5
373336,5
372759,5
372653,5
371742,5
371728,5
371722,5
371248,5
370786,5
368270,5
367248,5
367172,5
366742,5
365087,5
364987,5
364954,5
364135,5
363499,5
363452,5
362894,5
362815,5
362807,5
362549,5
362528,5
362437,5
362280,5
362259,5
361885,5
361547,5
361495,5
361392,5
361391,5
361017,5
360918,5
360774,5
360772,5
360466,5
360378,5
360205,5
359958,5
359864,5
358913,5
357248,5
356763,5
353788,5
353217,5
352284,5
352159,5
350942,5
350026,5
349763,5
349260,5
348926,5
348777,5
348767,5
348714,5
348438,5
348339,5
347233,5
346211,5
345087,5
344802,5
343514,5
343333,5
343268,5
342433,5
341584,5
341406,5
340530,5
339607,5
339381,5
338857,5
337443,5
337395,5
337204,5
336907,5
336108,5
335961,5
335694,5
335457,5
335352,5
334994,5
334432,5
333529,5
333331,5
332850,5
332828,5
332474,5
331353,5
331351,5
330935,5
330074,5
329704,5
329606,5
328952,5
328930,5
328901,5
327999,5
327412,5
327370,5
326689,5
326060,5
325518,5
325272,5
324871,5
324733,5
323708,5
323705,5
323347,5
321924,5
321403,5
321160,5
319671,5
319091,5
318949,5
318893,5
318298,5
317928,5
316983,5
316778,5
316072,5
316027,5
315878,5
315640,5
315413,5
314873,5
313168,5
313147,5
312037,5
311687,5
311496,5
310812,5
310269,5
310220,5
310131,5
309599,5
309047,5
308663,5
307876,5
307508,5
307403,5
307252,5
307041,5
306665,5
305954,5
305324,5
305092,5
304830,5
304458,5
303849,5
302891,5
302586,5
302406,5
301705,5
301442,5
300953,5
300377,5
300139,5
299819,5
299465,5
299443,5
299417,5
299163,5
298539,5
298419,5
298403,5
297046,5
295772,5
295675,5
295407,5
295060,5
294953,5
294946,5
294663,5
294512,5
294120,5
293816,5
293554,5
292564,5
292008,5
291952,5
290977,5
290824,5
290452,5
290392,5
290099,5
290074,5
290006,5
289971,5
289940,5
289858,5
289196,5
289171,5
289148,5
289082,5
289003,5
288454,5
287939,5
287254,5
287205,5
286764,5
286535,5
286516,5
286233,5
285920,5
285689,5
285571,5
285539,5
285313,5
284725,5
284362,5
284328,5
284284,5
283964,5
281941,5
281812,5
281661,5
281451,5
281149,5
280342,5
279956,5
279762,5
277215,5
276839,5
276511,5
276425,5
276413,5
274209,5
274117,5
272728,5
272613,5
271840,5
271328,5
270759,5
270344,5
269465,5
269080,5
268409,5
267715,5
266627,5
265580,5
265300,5
265176,5
265132,5
264794,5
264283,5
264008,5
263759,5
263504,5
263450,5
262361,5
262304,5
261329,5
261252,5
261122,5
260891,5
260777,5
260626,5
260492,5
260205,5
259847,5
259354,5
259290,5
258202,5
258191,5
258151,5
257704,5
257617,5
257248,5
257150,5
257084,5
256619,5
256534,5
254800,5
253990,5
253967,5
253925,5
253857,5
253852,5
253096,5
252717,5
252484,5
251170,5
250041,5
249367,5
249314,5
248247,5
247881,5
247525,5
247475,5
247325,5
246970,5
246931,5
246913,5
246886,5
246352,5
246077,5
245997,5
245201,5
245059,5
244774,5
244582,5
244377,5
244044,5
243691,5
240929,5
240857,5
240725,5
240610,5
240496,5
240338,5
240011,5
239375,5
239209,5
237521,5
236748,5
235691,5
235660,5
234871,5
234663,5
234258,5
233580,5
233221,5
233060,5
232775,5
232762,5
232208,5
231798,5
231647,5
230476,5
230224,5
230115,5
229989,5
229870,5
229858,5
229827,5
229329,5
228816,5
228763,5
228229,5
228212,5
228136,5
228065,5
227924,5
227502,5
227283,5
226829,5
226607,5
226204,5
226186,5
225872,5
225666,5
225229,5
225035,5
224559,5
224400,5
224017,5
223986,5
223971,5
223585,5
223237,5
223192,5
223025,5
223018,5
222512,5
222506,5
222326,5
222255,5
221813,5
221291,5
220512,5
220505,5
220271,5
220225,5
219853,5
219841,5
219739,5
219491,5
219452,5
219286,5
219046,5
218823,5
218728,5
218370,5
217981,5
217893,5
217571,5
217079,5
216783,5
216698,5
216407,5
216396,5
216066,5
215887,5
215737,5
215016,5
214646,5
214562,5
214172,5
214111,5
214099,5
213680,5
211662,5
211627,5
211416,5
211054,5
209675,5
209650,5
209590,5
208310,5
208061,5
208030,5
207568,5
207368,5
207265,5
207058,5
206928,5
206593,5
206442,5
206396,5
206344,5
206277,5
206235,5
206228,5
206182,5
206165,5
205676,5
205670,5
205589,5
205459,5
205112,5
205108,5
205055,5
204823,5
204771,5
204753,5
204681,5
204680,5
204513,5
204393,5
204312,5
204286,5
204277,5
203960,5
203789,5
203418,5
202730,5
202677,5
202606,5
202247,5
202072,5
201775,5
201263,5
200960,5
200911,5
200753,5
199541,5
199303,5
199113,5
198946,5
198477,5
198363,5
198356,5
198129,5
197941,5
197833,5
197721,5
197336,5
197161,5
196714,5
196614,5
196307,5
196293,5
196076,5
195988,5
195952,5
195934,5
195449,5
195297,5
195107,5
194952,5
194933,5
194744,5
194651,5
194352,5
194074,5
193528,5
193336,5
193319,5
193069,5
192621,5
191942,5
191778,5
191686,5
191647,5
191589,5
191125,5
190929,5
190872,5
190612,5
190582,5
190575,5
190483,5
190330,5
189316,5
188083,5
188052,5
187546,5
187071,5
186986,5
185952,5
185895,5
185815,5
185724,5
185543,5
185139,5
185070,5
184893,5
184300,5
184217,5
184111,5
183978,5
183788,5
183765,5
183505,5
183337,5
182439,5
182416,5
181948,5
181742,5
181506,5
181274,5
181264,5
180876,5
180628,5
180403,5
180402,5
180336,5
179889,5
179799,5
179703,5
179597,5
179437,5
179215,5
179060,5
178598,5
177820,5
177439,5
177167,5
177139,5
176964,5
176871,5
176634,5
175894,5
175453,5
175248,5
174811,5
173958,5
173527,5
172927,5
171834,5
171314,5
171138,5
170957,5
170291,5
170169,5
170076,5
169376,5
169225,5
169059,5
169015,5
168879,5
168748,5
168329,5
167784,5
167647,5
167610,5
167468,5
167256,5
167095,5
166777,5
166542,5
166519,5
166224,5
166199,5
165688,5
165620,5
165464,5
165425,5
165255,5
165158,5
165059,5
164926,5
164380,5
164362,5
164009,5
163903,5
163783,5
163741,5
163640,5
163450,5
163030,5
162782,5
162762,5
162728,5
162639,5
162612,5
162525,5
162296,5
162267,5
162129,5
161778,5
161759,5
161652,5
161347,5
161151,5
161037,5
160767,5
160618,5
160286,5
160164,5
159438,5
159287,5
158486,5
158222,5
157917,5
157793,5
156998,5
156942,5
156910,5
156835,5
156580,5
155962,5
155879,5
155584,5
155424,5
154993,5
154957,5
154953,5
154770,5
154686,5
154577,5
154299,5
154151,5
154072,5
154020,5
153602,5
153442,5
153404,5
153325,5
153191,5
153171,5
152808,5
152716,5
152707,5
152233,5
152144,5
152120,5
152001,5
151941,5
151870,5
151819,5
151693,5
151674,5
151213,5
151201,5
151127,5
150909,5
150884,5
150789,5
150550,5
150439,5
150425,5
150210,5
150174,5
149819,5
149707,5
149298,5
149154,5
148975,5
148971,5
148881,5
148869,5
148752,5
148718,5
148715,5
148575,5
148571,5
148327,5
148159,5
147491,5
147321,5
147132,5
147009,5
146822,5
146748,5
146743,5
146621,5
146162,5
146150,5
146088,5
146017,5
145812,5
145748,5
145733,5
145624,5
145241,5
145071,5
144938,5
144783,5
144526,5
144456,5
144364,5
144205,5
143791,5
143720,5
143718,5
143707,5
143641,5
143589,5
143578,5
143350,5
143179,5
143162,5
143055,5
142962,5
142871,5
142865,5
142856,5
142508,5
142442,5
142194,5
142177,5
142002,5
141834,5
141802,5
141752,5
141665,5
141564,5
141075,5
140760,5
140343,5
140311,5
140080,5
139816,5
139722,5
139352,5
139150,5
138892,5
138832,5
138622,5
138284,5
138241,5
138194,5
138152,5
138148,5
138125,5
138098,5
138032,5
137875,5
137724,5
137659,5
137424,5
137325,5
137154,5
136925,5
136881,5
136822,5
136473,5
136165,5
135932,5
135912,5
135818,5
135602,5
135597,5
135540,5
135364,5
135272,5
135256,5
134899,5
134342,5
134035,5
133903,5
133671,5
133667,5
133287,5
133179,5
132977,5
132894,5
132317,5
132219,5
132144,5
132107,5
131855,5
131823,5
131624,5
131546,5
131465,5
131233,5
131168,5
130927,5
130789,5
130674,5
130098,5
129891,5
129784,5
129755,5
129604,5
129569,5
129566,5
129460,5
128997,5
128657,5
128577,5
128180,5
128138,5
128099,5
127950,5
127853,5
127777,5
127696,5
127633,5
127567,5
127445,5
127405,5
127355,5
127305,5
127170,5
127162,5
127130,5
127118,5
126909,5
126886,5
126857,5
126766,5
126573,5
126526,5
126411,5
126153,5
126065,5
125980,5
125947,5
125844,5
125805,5
125775,5
125751,5
125679,5
125558,5
125264,5
125235,5
124773,5
124658,5
124651,5
124631,5
124292,5
124111,5
124108,5
124055,5
124023,5
123960,5
123948,5
123937,5
123879,5
123546,5
123419,5
123308,5
123267,5
123234,5
123172,5
123077,5
123025,5
122930,5
122636,5
122410,5
122343,5
122306,5
122272,5
121691,5
121569,5
121400,5
121241,5
121226,5
120876,5
120731,5
120628,5
120415,5
120295,5
120233,5
120043,5
119700,5
119650,5
119534,5
119357,5
119195,5
119185,5
119123,5
118523,5
118332,5
118250,5
118077,5
117947,5
117524,5
117291,5
117039,5
116960,5
116254,5
116182,5
116005,5
115735,5
115661,5
115358,5
115220,5
114349,5
113960,5
113570,5
113474,5
113392,5
113301,5
113291,5
112848,5
112613,5
112434,5
111827,5
111576,5
111422,5
111295,5
111019,5
110378,5
110335,5
110306,5
110000,5
109999,5
109899,5
109635,5
109459,5
109445,5
109336,5
109278,5
109070,5
108442,5
108258,5
108163,5
107879,5
107679,5
107619,5
107481,5
107228,5
107173,5
107013,5
106770,5
106441,5
106351,5
106332,5
106259,5
106213,5
105955,5
105751,5
104877,5
104782,5
104595,5
104542,5
104162,5
103953,5
103890,5
103835,5
103634,5
103397,5
103228,5
103137,5
102995,5
102924,5
102875,5
101962,5
101858,5
101847,5
101822,5
101637,5
101421,5
101294,5
101226,5
101162,5
101105,5
101064,5
101028,5
100963,5
100693,5
100529,5
100232,5
100186,5
100090,5
100086,5
99743,5
99718,5
99560,5
99421,5
99232,5
98972,5
98707,5
98319,5
98223,5
98161,5
97975,5
97810,5
97780,5
97683,5
97074,5
96994,5
96892,5
96668,5
96181,5
96080,5
95977,5
95785,5
95483,5
95435,5
95398,5
95254,5
95192,5
95104,5
94780,5
94770,5
94738,5
94421,5
94149,5
93925,5
93859,5
93654,5
93457,5
93288,5
92766,5
92610,5
92349,5
92333,5
92326,5
92228,5
92109,5
92084,5
91511,5
91220,5
90983,5
90773,5
90764,5
90754,5
90575,5
90513,5
90318,5
90217,5
90197,5
90118,5
90067,5
90045,5
89608,5
89417,5
89324,5
89127,5
88287,5
88129,5
88010,5
87763,5
87642,5
87587,5
87568,5
87515,5
87449,5
87415,5
87409,5
87162,5
87111,5
86822,5
86795,5
86724,5
86669,5
86113,5
85902,5
85627,5
85442,5
85337,5
85214,5
85109,5
85077,5
84788,5
84774,5
84244,5
84132,5
84068,5
83731,5
83711,5
83611,5
83487,5
83461,5
83431,5
82897,5
82884,5
82584,5
82347,5
82344,5
82280,5
82203,5
82140,5
81867,5
81784,5
81660,5
81488,5
81293,5
80969,5
80601,5
80374,5
80225,5
79972,5
79834,5
79769,5
79555,5
79481,5
79318,5
79305,5
79273,5
79226,5
79124,5
78876,5
78458,5
78447,5
78364,5
78362,5
78207,5
78121,5
78088,5
77888,5
77480,5
77399,5
76987,5
76867,5
76766,5
76739,5
75530,5
75454,5
75328,5
75162,5
75012,5
74964,5
74898,5
74765,5
74692,5
74565,5
74478,5
74473,5
74332,5
74234,5
74211,5
74196,5
74105,5
73970,5
73882,5
73638,5
73536,5
73431,5
73396,5
73262,5
73052,5
72679,5
72628,5
72605,5
72492,5
72386,5
72349,5
72224,5
72017,5
71943,5
71874,5
71828,5
71805,5
71664,5
71626,5
71528,5
71240,5
71041,5
70732,5
70552,5
70534,5
70306,5
70271,5
69810,5
69776,5
69481,5
69434,5
69379,5
69349,5
69267,5
69187,5
69119,5
68983,5
68939,5
68904,5
68809,5
68793,5
68347,5
68176,5
68144,5
68078,5
67593,5
67514,5
67500,5
67437,5
67397,5
67262,5
67194,5
67164,5
67148,5
66989,5
66969,5
66810,5
66737,5
66718,5
66716,5
66624,5
66554,5
66328,5
66183,5
66150,5
65924,5
65911,5
65872,5
65792,5
65712,5
65245,5
65079,5
65001,5
64964,5
64961,5
64950,5
64931,5
64671,5
64652,5
64515,5
64494,5
64432,5
64271,5
64244,5
64079,5
63980,5
63588,5
63202,5
63072,5
62964,5
62582,5
62502,5
62421,5
62099,5
61503,5
61445,5
61362,5
61299,5
61291,5
61283,5
61144,5
61095,5
61065,5
60579,5
60431,5
60059,5
60044,5
59943,5
59906,5
59638,5
59603,5
59443,5
59356,5
59205,5
59007,5
58893,5
58821,5
58715,5
58376,5
57981,5
57915,5
57833,5
57789,5
57736,5
57586,5
57297,5
57220,5
57089,5
56929,5
56792,5
56348,5
56174,5
56051,5
55984,5
55352,5
55205,5
55204,5
54881,5
54880,5
54681,5
54670,5
53781,5
53452,5
53437,5
53222,5
53199,5
53102,5
52805,5
52512,5
52451,5
52332,5
52046,5
52040,5
51983,5
51580,5
51362,5
51301,5
51289,5
51136,5
50958,5
50931,5
50630,5
50522,5
50503,5
50344,5
50049,5
49975,5
49799,5
49437,5
49347,5
49181,5
49100,5
48524,5
48385,5
48376,5
48354,5
48081,5
47873,5
47609,5
47608,5
47494,5
47381,5
47311,5
47260,5
47186,5
47076,5
47067,5
47062,5
46964,5
46637,5
46501,5
46197,5
45992,5
45885,5
45826,5
45628,5
45548,5
45290,5
45001,5
44867,5
44726,5
44698,5
44675,5
44494,5
44418,5
44114,5
44083,5
43759,5
43701,5
43649,5
43517,5
43479,5
43469,5
43458,5
43438,5
43374,5
43363,5
43147,5
43020,5
42850,5
42744,5
42482,5
42266,5
42166,5
42122,5
42013,5
41970,5
41836,5
41742,5
41562,5
41356,5
41262,5
41001,5
40931,5
40670,5
40594,5
40571,5
40559,5
40549,5
40531,5
40423,5
40158,5
40004,5
39991,5
39956,5
39914,5
39843,5
39837,5
39676,5
39405,5
39258,5
39180,5
39118,5
39014,5
38914,5
38801,5
38776,5
38620,5
38466,5
38162,5
38160,5
38091,5
38067,5
38026,5
38021,5
37954,5
37822,5
37771,5
37767,5
37747,5
37693,5
37656,5
37602,5
37568,5
37519,5
37483,5
37335,5
37159,5
37158,5
37126,5
36842,5
36630,5
36616,5
36601,5
36575,5
36471,5
36357,5
36292,5
36287,5
36259,5
36000,5
35917,5
35879,5
35759,5
35744,5
35742,5
35719,5
35605,5
35277,5
35191,5
34963,5
34889,5
34868,5
34805,5
34702,5
34605,5
34409,5
34372,5
34340,5
34088,5
33984,5
33934,5
33665,5
33612,5
33461,5
33440,5
33392,5
33072,5
32812,5
32800,5
32667,5
32507,5
32447,5
32292,5
32280,5
32261,5
32241,5
32231,5
32098,5
32031,5
32024,5
31981,5
31913,5
31731,5
31710,5
31639,5
31637,5
31317,5
31260,5
31201,5
31069,5
30882,5
30655,5
30629,5
30568,5
30542,5
30494,5
30338,5
30279,5
30189,5
30163,5
29909,5
29827,5
29797,5
29513,5
29359,5
29280,5
29209,5
29051,5
28561,5
28544,5
28511,5
28372,5
28312,5
28299,5
28215,5
28203,5
28162,5
28043,5
28039,5
28033,5
27804,5
27721,5
27677,5
27604,5
27574,5
27541,5
27346,5
27314,5
27228,5
27141,5
27117,5
26492,5
26474,5
26466,5
26372,5
26001,5
25833,5
25786,5
25764,5
25668,5
25616,5
25596,5
25553,5
25514,5
25498,5
25414,5
25260,5
25108,5
24771,5
24736,5
24712,5
24599,5
24594,5
24479,5
24459,5
24285,5
24171,5
24110,5
24070,5
24059,5
23645,5
23607,5
23596,5
23523,5
23454,5
23413,5
23355,5
23282,5
23230,5
23195,5
23057,5
22852,5
22835,5
22747,5
22696,5
22608,5
22572,5
22419,5
22401,5
22303,5
22302,5
22215,5
22118,5
21971,5
21934,5
21910,5
21768,5
21711,5
21689,5
21657,5
21587,5
21578,5
21556,5
21351,5
21267,5
21208,5
21136,5
21004,5
20984,5
20929,5
20916,5
20913,5
20896,5
20790,5
20783,5
20748,5
20649,5
20519,5
20502,5
20399,5
20315,5
20265,5
20169,5
20113,5
20092,5
20073,5
20016,5
20015,5
19882,5
19772,5
19671,5
19640,5
19510,5
19376,5
19291,5
19243,5
19138,5
18982,5
18975,5
18920,5
18889,5
18843,5
18802,5
18706,5
18547,5
18537,5
18425,5
18345,5
18236,5
18232,5
18229,5
18108,5
17993,5
17841,5
17828,5
17812,5
17791,5
17723,5
17702,5
17654,5
17590,5
17545,5
17484,5
17432,5
17428,5
17369,5
17281,5
17193,5
17062,5
17056,5
16776,5
16755,5
16728,5
16672,5
16650,5
16433,5
16428,5
16366,5
16361,5
16268,5
16225,5
16211,5
16149,5
16104,5
16086,5
16038,5
15988,5
15963,5
15926,5
15618,5
15496,5
15452,5
15336,5
15255,5
15169,5
15093,5
15072,5
15043,5
15020,5
14923,5
14866,5
14632,5
14537,5
14306,5
14303,5
14301,5
14280,5
14257,5
14162,5
14086,5
13969,5
13843,5
13827,5
13709,5
13636,5
13599,5
13589,5
13575,5
13351,5
13265,5
13077,5
12699,5
12690,5
12578,5
12532,5
12434,5
12409,5
12394,5
12284,5
12249,5
12177,5
12154,5
12129,5
12100,5
11989,5
11846,5
11789,5
11771,5
11746,5
11689,5
11573,5
11503,5
11460,5
11453,5
11319,5
11205,5
11160,5
11031,5
11002,5
10881,5
10853,5
10844,5
10742,5
10548,5
10531,5
10468,5
10435,5
10272,5
10232,5
10209,5
10082,5
9975,5
9920,5
9912,5
9886,5
9869,5
9861,5
9820,5
9741,5
9616,5
9477,5
9460,5
9424,5
9329,5
9293,5
9274,5
9248,5
9206,5
9136,5
9126,5
9036,5
8933,5
8925,5
8741,5
8712,5
8659,5
8642,5
8632,5
8560,5
8471,5
8452,5
8426,5
8363,5
8334,5
8252,5
8185,5
8179,5
8121,5
8055,5
7996,5
7976,5
7862,5
7710,5
7700,5
7489,5
7483,5
7479,5
7477,5
7390,5
7372,5
7352,5
7240,5
7205,5
7157,5
7117,5
7116,5
7057,5
6951,5
6916,5
6868,5
6861,5
6859,5
6784,5
6755,5
6732,5
6723,5
6706,5
6698,5
6529,5
6309,5
6295,5
6237,5
6176,5
6162,5
6156,5
6147,5
6137,5
6136,5
6055,5
6051,5
6025,5
5990,5
5976,5
5970,5
5951,5
5873,5
5669,5
5636,5
5634,5
5623,5
5615,5
5296,5
5282,5
5257,5
5187,5
5136,5
5130,5
5112,5
5031,5
4942,5
4830,5
4823,5
4766,5
4752,5
4679,5
4635,5
4375,5
4324,5
4293,5
4175,5
4140,5
4131,5
4119,5
4103,5
4081,5
3958,5
3913,5
3832,5
3744,5
3596,5
3586,5
3528,5
3489,5
3470,5
3432,5
3359,5
3315,5
3249,5
3216,5
3209,5
3179,5
3136,5
3115,5
3043,5
2968,5
2964,5
2890,5
2855,5
2652,5
2624,5
2573,5
2558,5
2554,5
2411,5
2379,5
2368,5
2337,5
2316,5
2263,5
2261,5
2246,5
2243,5
2214,5
2140,5
1982,5
1830,5
1816,5
1801,5
1763,5
1732,5
1718,5
1618,5
1540,5
1336,5
1326,5
1175,5
1145,5
1132,5
1090,5
1083,5
994,5
743,5
704,5
629,5
529,5
513,5
467,5
443,5
442,5
358,5
343,5
304,5
256,5
253,5
248,5
230,5
224,5
164,5
120,5
116,5
108,5
69,5
67,5
36,5
9,5
123533,5
