\N,256268
14,41
15,107
16,237
17,406
18,554
19,742
20,1134
21,1761
22,2192
23,2832
24,3561
25,4076
26,4679
27,4558
28,4324
29,3906
30,3643
31,3501
32,3139
33,2882
34,2657
35,2291
36,2196
37,1794
38,1492
39,1325
40,1170
41,1011
42,858
43,714
44,698
45,612
46,625
47,447
48,367
49,350
50,294
51,249
52,240
53,206
54,176
55,127
56,184
57,120
58,88
59,88
60,84
61,78
62,92
63,82
64,62
65,65
66,71
67,49
68,39
69,29
70,38
71,22
72,34
73,34
74,21
75,20
76,19
77,21
78,7
79,13
80,9
81,5
83,5
84,3
85,2
86,6
87,2
88,4
90,3
91,4
92,1
93,1
94,4
95,16
96,181
